hour,bus_id,net_downward_longwave_flux_W/m^2,temperature_2m_K,wind_u_93m_m/s,wind_v_93m_m/s,wind_speed_93m_m/s
1,1,35.8994,294.966,3.08185,-2.04523,3.6987518402023136
2,1,35.0225,294.842,0.0932903,-1.67738,1.6799722451499282
3,1,30.6416,293.84,1.14635,-1.0259,1.5383722347013415
4,1,36.418,293.836,0.180876,-1.25959,1.272510548276909
5,1,0.0,293.96,1.42583,-1.36339,1.9727705089543486
6,1,24.9375,294.245,0.221305,-1.40176,1.4191219118261122
7,1,138.797,294.768,,,0.0
8,1,258.802,295.745,-2.26243,,2.26243
9,1,380.067,295.976,-3.17738,,3.17738
10,1,480.069,296.722,-1.93716,,1.93716
11,1,678.476,297.214,-4.41479,2.16246,4.915954027012458
12,1,694.091,297.936,-3.57604,3.096,4.730039966173647
13,1,583.783,298.652,-4.05873,4.37993,5.971354621675051
14,1,310.085,298.131,-4.3454,3.74574,5.736991311445399
15,1,407.15,298.855,-1.7768,5.80534,6.071160577319628
16,1,226.828,297.237,-2.9655,-3.22872,4.38392781514477
17,1,229.538,296.343,-0.434235,1.66397,1.7196965418715595
18,1,35.8629,296.466,0.623257,,0.623257
19,1,16.6444,295.818,0.774817,5.17733,5.234986849304304
20,1,3.03125,295.193,4.46468,-7.34013,8.591325620607101
21,1,0.0,294.845,1.1532,-3.55003,3.732637571597328
22,1,37.5303,294.573,-3.37858,2.92978,4.471958593815466
23,1,23.3828,294.323,-3.18862,4.69747,5.677457345088556
24,1,26.2363,295.091,-1.17826,7.09531,7.192476668276373
1,2,31.2695,295.795,0.954407,-0.137032,0.964194218336223
2,2,21.5488,295.602,3.65677,2.55016,4.45817034875295
3,2,20.0859,295.372,2.70103,3.24314,4.2206066057499365
4,2,21.6162,295.037,1.73312,1.74481,2.459281779402271
5,2,0.0,295.258,2.37944,1.65223,2.896825622383923
6,2,9.76562,295.287,1.79015,2.16318,2.807843431336584
7,2,54.1484,295.722,0.275866,1.14382,1.176616438078272
8,2,142.373,296.633,-0.128643,1.48293,1.4884993807015843
9,2,212.848,297.604,1.35191,,1.35191
10,2,330.116,298.697,-0.680326,2.5097,2.6002764384341908
11,2,461.46,300.245,1.75073,3.86607,4.244001976648927
12,2,507.701,302.137,2.48206,3.06768,3.9460464297825997
13,2,380.674,299.838,-0.783337,1.62455,1.8035463836755072
14,2,595.007,302.104,1.0169,3.07094,3.234927834372816
15,2,715.431,303.887,6.04547,2.75993,6.645669351224149
16,2,581.36,303.121,6.43001,5.65995,8.566216352777928
17,2,453.507,301.082,6.17661,8.36318,10.396792332469664
18,2,33.8941,299.37,3.3049,-4.71514,5.7580299781783
19,2,2.37092,295.891,-7.24179,-1.15861,7.333887068683291
20,2,1.21094,294.81,-1.37077,-2.71611,3.0424108737972917
21,2,0.0,294.786,-0.682742,-3.50022,3.5661851728372156
22,2,29.1553,294.573,-0.870771,-0.0428782,0.8718260574657309
23,2,23.4805,294.097,-2.96352,-4.95195,5.7709842828498505
24,2,25.3564,293.96,1.17135,-0.35488,1.2239283626503634
1,3,41.1797,293.601,0.321594,0.290703,0.43351001723720295
2,3,38.7695,293.398,2.79837,-3.38441,4.391481037759357
3,3,36.4883,293.276,0.115583,-0.624046,0.6346596253150187
4,3,36.5137,292.779,0.273649,,0.273649
5,3,0.0,292.705,0.280806,,0.280806
6,3,29.2773,294.167,-0.157601,,0.157601
7,3,118.086,293.64,-1.68312,,1.68312
8,3,174.138,294.34,-1.13987,,1.13987
9,3,346.395,295.241,,,0.0
10,3,471.6,295.384,-2.12466,,2.12466
11,3,625.866,296.0,-2.36255,1.48082,2.7882737266810804
12,3,738.169,296.558,-3.64147,2.59649,4.472366720317107
13,3,671.267,297.308,-3.42103,5.64506,6.6007687934436845
14,3,706.741,298.191,-2.59101,4.16371,4.904060948255028
15,3,419.681,298.011,-2.11713,6.84148,7.161570220789572
16,3,197.969,296.369,-0.53581,6.4539,6.476103579012615
17,3,234.225,298.038,1.60141,1.71377,2.345532263900883
18,3,141.363,296.323,0.128139,2.31513,2.3186734397540762
19,3,12.074,295.981,-0.283289,-3.46525,3.476810351460229
20,3,4.53125,295.364,-0.342934,,0.342934
21,3,0.0,294.05,-0.209598,3.33767,3.3442446606825884
22,3,36.4688,292.666,-2.87858,2.16904,3.6042970657258535
23,3,29.623,292.785,-3.4435,,3.4435
24,3,38.3691,293.105,0.1567,3.88438,3.8875394370218292
1,4,37.667,294.119,0.303528,-3.42268,3.436112284135081
2,4,39.2764,294.12,1.6138,-3.21254,3.5951027372802575
3,4,39.8564,294.071,0.75572,-1.66604,1.8294266861506092
4,4,37.8281,293.816,-0.120882,,0.120882
5,4,0.0,293.906,1.3062,-1.82579,2.2449203914838494
6,4,21.1504,294.494,1.16857,-1.6254,2.001869377581864
7,4,127.445,295.006,-1.54396,-1.49534,2.1493846089520603
8,4,167.56,295.129,-3.19749,-1.08006,3.3749773189904553
9,4,271.427,295.975,-0.767715,,0.767715
10,4,494.772,296.988,-1.98599,,1.98599
11,4,635.96,297.781,-1.32495,,1.32495
12,4,700.044,298.249,-1.63464,3.85869,4.190648690322299
13,4,550.096,299.038,-4.04115,4.45512,6.014897134357328
14,4,682.429,300.056,-3.36152,2.45472,4.162387174302746
15,4,396.181,299.071,-4.30902,1.50261,4.563495389775254
16,4,318.422,298.805,-3.92839,4.44511,5.9322214139561575
17,4,195.835,297.314,0.26059,3.82314,3.8320107786513335
18,4,79.2301,297.131,-4.89188,0.729194,4.945929015264574
19,4,30.7147,295.946,-2.816,1.48787,3.184903944689698
20,4,3.13281,295.661,0.168785,,0.168785
21,4,0.0,294.79,-1.49524,,1.49524
22,4,37.2744,293.965,-5.8405,0.887786,5.907588698597423
23,4,29.1299,293.697,-5.14468,,5.14468
24,4,33.6328,293.695,-5.60502,,5.60502
1,5,24.3516,294.213,1.11407,-1.01447,1.5067519191293568
2,5,17.6494,294.187,0.891142,-1.66517,1.8886305072893428
3,5,16.2217,293.996,1.09019,-0.993187,1.4747659655243608
4,5,17.7549,293.847,0.223356,-1.7464,1.7606251340748262
5,5,0.0,294.123,-1.79195,-1.43956,2.298568640719698
6,5,12.5273,294.149,-1.21912,-1.32217,1.7984401806287582
7,5,93.0938,294.683,1.0537,,1.0537
8,5,207.795,294.45,-2.53782,,2.53782
9,5,264.427,295.31,-2.1266,,2.1266
10,5,506.694,296.204,-2.35806,,2.35806
11,5,636.116,295.723,-1.69849,1.10143,2.0243557802421983
12,5,372.888,296.435,-2.22301,1.31035,2.5804632496123636
13,5,720.783,296.838,-3.16127,0.344769,3.180014728937745
14,5,130.975,295.491,-0.785833,2.43031,2.5542005011331823
15,5,89.353,297.092,3.72662,1.01872,3.8633517912299937
16,5,146.25,297.684,3.64388,2.18632,4.249453682157272
17,5,129.944,298.888,3.2562,3.66006,4.898864934206699
18,5,126.386,296.741,-2.79569,2.23994,3.5823475235800335
19,5,37.2772,295.289,0.217688,-1.66154,1.6757396089321277
20,5,4.125,294.903,0.0955429,1.00264,1.0071819176992853
21,5,0.0,294.954,-2.58704,3.83181,4.623369316602341
22,5,27.1045,294.629,-0.231123,3.87411,3.8809980846721635
23,5,21.1064,294.9,-1.87954,6.63692,6.897925608326028
24,5,23.3164,294.604,-0.838417,4.49278,4.570340818176364
1,6,45.5244,293.82,3.95978,-1.6927,4.306401158554553
2,6,38.4287,293.687,5.04153,0.233753,5.046946126709597
3,6,36.5625,293.359,4.32945,0.698219,4.385390184973396
4,6,39.2129,293.147,4.26877,-1.38068,4.486499144689543
5,6,0.0,293.16,2.24418,0.445202,2.2879136113944516
6,6,13.6582,293.247,3.88293,,3.88293
7,6,94.5938,293.838,3.81883,1.08766,3.9707010520183967
8,6,198.537,294.696,3.68142,,3.68142
9,6,430.317,295.87,3.77135,1.0066,3.903373461827602
10,6,578.381,296.861,4.47788,0.638115,4.523118398585758
11,6,594.007,297.575,5.80005,2.01646,6.140577410480223
12,6,602.091,298.638,2.79456,1.23467,3.0551555774624637
13,6,487.08,298.828,1.32116,3.26469,3.5218836638509226
14,6,677.444,299.237,0.483698,3.47767,3.5111468758945414
15,6,498.509,298.986,3.54401,-0.701493,3.6127689255125355
16,6,591.438,300.345,4.19954,1.70292,4.531674385698955
17,6,404.007,299.709,3.19858,-0.684668,3.2710371882056006
18,6,93.4332,297.354,4.77999,7.90888,9.241141014750289
19,6,3.23811,292.02,9.10001,4.25447,10.045431647321085
20,6,1.14062,291.369,-2.48209,-1.429,2.864055126581889
21,6,0.0,290.905,-0.346805,-1.67503,1.710555234105289
22,6,28.2881,291.032,2.90853,-1.12784,3.119546413583231
23,6,21.0605,291.366,-1.35122,0.670123,1.508264009889847
24,6,22.5254,291.162,3.1567,-4.10586,5.179077256577662
1,7,25.8496,293.601,2.0838,-1.2425,2.42611390705383
2,7,18.5762,293.201,-0.902803,-1.43422,1.6947094928656652
3,7,16.7363,293.474,0.806013,-1.01418,1.2954605468978977
4,7,17.7764,293.575,1.25705,-1.12287,1.6855301063463684
5,7,0.0,293.325,-0.0849171,-1.24376,1.246655466226499
6,7,14.123,293.426,-0.652719,,0.652719
7,7,107.836,294.596,0.692369,,0.692369
8,7,277.131,298.247,-3.63841,,3.63841
9,7,364.864,296.077,-2.30482,,2.30482
10,7,477.131,297.302,-2.42251,1.40911,2.802524878069774
11,7,587.882,297.776,-3.78003,1.83482,4.201808090965126
12,7,584.419,297.726,-3.01647,2.22881,3.750557995418815
13,7,532.783,297.03,-4.02552,2.0435,4.514499254668229
14,7,549.913,297.605,-0.98554,-4.61168,4.71581186159923
15,7,82.1343,296.224,-1.46478,1.95964,2.4465832047980713
16,7,13.5159,295.827,1.79329,-2.80782,3.3316275566905733
17,7,102.71,297.576,-0.296051,-1.19932,1.2353196578218126
18,7,107.582,297.001,0.691616,4.82783,4.8771175093856405
19,7,36.4178,295.451,-0.565516,0.135333,0.5814837634405625
20,7,7.96484,294.676,1.77572,2.62959,3.1729993833122627
21,7,0.0,294.676,1.86706,4.55837,4.925916168643149
22,7,25.5957,295.421,6.26204,-0.361238,6.272450705604947
23,7,18.6025,295.25,-4.46011,2.03047,4.900549931691341
24,7,20.8076,293.777,-1.44486,5.88535,6.060112626189384
1,8,45.7627,295.131,1.5589,-0.548653,1.652631030934915
2,8,43.3682,295.26,2.04837,-0.822399,2.207296937908672
3,8,42.6895,295.258,2.11949,3.28562,3.9099279589910605
4,8,42.8096,294.912,2.27707,-1.60431,2.7854727356411155
5,8,0.0,294.52,2.48735,-1.88048,3.1181909904462235
6,8,10.5312,294.699,1.15343,-0.703521,1.3510523906721752
7,8,65.7891,294.877,4.77977,-2.5178,5.402362269683513
8,8,161.24,295.711,1.30007,-2.79344,3.08115060302154
9,8,257.911,296.777,1.02574,-1.73071,2.0118398673105173
10,8,484.522,298.37,4.66538,-1.01032,4.773522498826208
11,8,542.788,299.74,3.61938,-0.758926,3.6980914344937443
12,8,720.341,301.176,3.24378,-0.807323,3.342735274401639
13,8,798.283,302.12,6.26647,-1.43209,6.428026760134093
14,8,668.85,300.437,-0.812201,1.56556,1.7637030866903307
15,8,524.228,298.45,-1.20355,3.43083,3.635811751369974
16,8,546.656,301.671,4.30306,1.66679,4.61459795298572
17,8,345.929,302.006,5.05014,0.995996,5.147418969893164
18,8,275.371,301.412,4.64035,2.90595,5.47516150675028
19,8,58.7069,299.412,4.58634,2.71541,5.329912387994759
20,8,12.0273,297.817,3.03109,-1.74638,3.498192346412644
21,8,0.0,297.031,0.072629,0.343529,0.3511226929180169
22,8,42.3418,295.799,1.37044,-3.4296,3.693272526310508
23,8,27.0088,295.736,2.01304,,2.01304
24,8,42.415,294.772,0.99752,-1.57949,1.8681099567477286
1,9,42.1338,295.342,3.95441,3.08318,5.014315243430553
2,9,37.7051,295.119,2.8511,2.30309,3.6651050132431404
3,9,33.7988,294.959,2.42369,-2.24172,3.3014514648105915
4,9,34.8926,294.834,2.28341,-0.756657,2.4055126363727544
5,9,0.0,294.743,2.42094,1.98085,3.1280532613911802
6,9,5.80664,294.743,2.30041,-1.79678,2.9189560696420216
7,9,51.7031,295.119,2.4243,-1.00023,2.6225351366378296
8,9,142.99,295.842,1.67165,-1.83299,2.480779325655549
9,9,236.911,296.671,4.05357,1.45972,4.308388587778498
10,9,423.428,297.824,4.86069,0.536552,4.890214241196801
11,9,485.116,298.844,3.08374,2.11754,3.7407790684829276
12,9,689.841,300.012,4.12513,2.39824,4.771609017354629
13,9,738.611,301.352,5.47057,2.01616,5.830269056441564
14,9,798.647,302.424,4.86798,3.1183,5.781091953117508
15,9,619.603,302.378,5.97906,2.72526,6.5708599552265605
16,9,610.047,302.128,4.9388,6.10136,7.849734982125192
17,9,461.975,301.202,5.2059,0.909082,5.284678314970931
18,9,264.097,301.102,2.85031,-4.32452,5.179357134481074
19,9,84.2772,299.87,4.81925,-3.03947,5.697679215557858
20,9,16.8359,298.53,3.44906,-1.8206,3.90007682534588
21,9,0.0,297.721,-1.01966,-0.746315,1.2636030210572464
22,9,29.4678,296.318,-2.26237,-2.42374,3.315544239563092
23,9,20.3213,295.477,-0.894188,-0.449994,1.0010328562939381
24,9,22.7959,294.969,-2.74271,2.05918,3.4296764302919307
1,10,26.0391,294.085,2.58136,-0.505196,2.6303312430216845
2,10,17.1035,293.95,4.29007,-0.319958,4.3019848589533645
3,10,16.1758,293.758,3.53795,-0.120628,3.540005835713269
4,10,18.5566,293.368,3.90109,-0.995426,4.026086947592662
5,10,0.0,293.46,3.10844,0.488171,3.14653939413461
6,10,8.16016,293.574,2.81505,,2.81505
7,10,85.9766,293.986,3.99217,-1.11693,4.14547390943424
8,10,249.849,294.746,4.91628,,4.91628
9,10,294.723,295.539,8.59019,0.414801,8.600199073608762
10,10,449.413,296.93,4.55991,1.63421,4.843905607276014
11,10,492.226,297.348,3.75513,2.06676,4.286315225750434
12,10,507.013,298.823,3.34388,2.37529,4.101650404227548
13,10,507.471,299.734,5.03209,1.59037,5.277424230152433
14,10,776.319,298.391,6.03887,3.80433,7.1372878340305155
15,10,541.572,298.848,1.76959,3.58952,4.002012318634214
16,10,385.766,298.58,4.32845,-0.42794,4.34955308578939
17,10,437.772,299.246,1.05502,-1.74326,2.0376512527908206
18,10,169.55,297.99,1.24289,2.0124,2.3652757370124946
19,10,31.949,296.562,6.51114,3.2867,7.293650731259347
20,10,1.83984,291.394,2.80892,-4.43486,5.249572819382545
21,10,0.0,291.008,-4.51673,-0.853737,4.596707164707036
22,10,23.1592,291.774,2.28157,0.328216,2.3050569206759297
23,10,17.7822,291.525,0.379738,1.0295,1.0973017810265324
24,10,19.4023,291.857,3.44869,-1.60781,3.8050644820029005
1,11,47.7441,294.47,3.05597,3.47967,4.6310966249690795
2,11,44.3066,294.176,2.01419,3.09996,3.6968518171141236
3,11,42.874,293.643,2.83189,-0.688988,2.914499174171096
4,11,43.1211,293.196,2.95627,-1.09797,3.153580573538593
5,11,0.0,292.914,3.63774,-0.633411,3.6924736698480327
6,11,16.3047,293.196,1.82384,2.68173,3.2431571251636884
7,11,108.398,294.208,2.16112,2.6697,3.4347835076464426
8,11,248.443,295.686,2.88405,-1.66941,3.33236764937484
9,11,416.848,296.958,-2.05482,,2.05482
10,11,588.288,298.078,5.84604,1.20257,5.968446890649192
11,11,667.726,299.072,-4.56323,2.31383,5.116334361806311
12,11,741.466,300.224,-5.98376,1.16484,6.096083657824916
13,11,812.174,301.501,3.35534,0.687543,3.4250579400134242
14,11,821.413,301.659,5.76983,1.15638,5.884569052471047
15,11,756.775,302.164,3.00104,2.90251,4.175021602542914
16,11,517.391,301.182,5.11751,5.99882,7.885096701531314
17,11,247.804,296.791,3.35825,5.29092,6.266711857816665
18,11,146.699,297.573,3.36642,-0.881158,3.479830892064153
19,11,66.4334,296.882,4.68693,-0.933026,4.778896351834386
20,11,4.76562,296.213,2.53988,-2.16435,3.3369748780744515
21,11,0.0,296.376,0.400266,0.700951,0.8071834829560129
22,11,42.29,295.078,-4.30632,-4.48721,6.219280145362484
23,11,32.1143,294.392,-5.59682,-2.77226,6.24578414772717
24,11,41.9814,294.045,-0.0239639,-0.675193,0.6756181286438443
1,12,41.2139,295.426,0.872375,2.90984,3.0377963997320494
2,12,36.6064,295.299,1.32034,2.72741,3.030191912024715
3,12,39.0293,295.034,3.03941,2.61228,4.007744995193681
4,12,41.1162,294.827,2.31759,0.22723,2.3287028322652077
5,12,0.0,294.8,1.24858,1.36708,1.8514480124486348
6,12,7.7832,294.816,1.18761,1.10263,1.620558678049024
7,12,59.1094,295.109,-0.180677,0.785907,0.8064080796829853
8,12,108.81,295.767,2.57936,0.660665,2.6626258189661196
9,12,144.911,296.843,1.16685,1.69703,2.0594780269281827
10,12,280.85,297.938,4.12241,-0.43708,4.145516027529022
11,12,370.835,299.549,3.38062,0.437363,3.4087942117659433
12,12,499.779,300.578,2.11829,-0.641308,2.2132393623293436
13,12,731.674,302.127,2.22545,3.44438,4.1007781318793635
14,12,622.382,301.353,3.35382,0.93324,3.481241946489787
15,12,596.259,302.573,2.28766,-0.802079,2.424194504952315
16,12,620.36,302.332,6.19075,6.00663,8.625832685567232
17,12,440.413,301.204,7.54721,3.61416,8.36794665910939
18,12,132.699,298.147,-0.461704,5.5124,5.531701758375627
19,12,1.95686,295.341,-4.18661,0.0894346,4.187565144541296
20,12,5.18359,293.952,-2.06559,-2.16337,2.9911255080654837
21,12,0.0,294.297,-3.20911,0.495872,3.2471951023127636
22,12,20.9199,294.935,-1.60905,1.47372,2.1819469610648192
23,12,12.4688,293.6,-0.418114,-3.19121,3.218484205506685
24,12,12.5186,293.829,-0.0698624,-1.37539,1.3771631737139065
1,13,35.4014,292.749,6.45831,3.49578,7.3437215268894835
2,13,37.0967,292.315,7.42093,-2.14076,7.72353904906941
3,13,37.7031,291.736,2.85728,-1.61575,3.2824833679548173
4,13,39.6953,290.829,1.87716,,1.87716
5,13,0.0,290.022,2.26616,-1.14757,2.5401570916972833
6,13,35.8418,291.251,1.75646,-0.594634,1.8543843521654295
7,13,163.117,292.214,9.2246,,9.2246
8,13,340.349,293.313,9.17702,-1.76951,9.346061294497272
9,13,520.364,294.642,-0.342422,,0.342422
10,13,666.053,295.565,-2.22525,,2.22525
11,13,788.679,296.768,-1.43823,1.18541,1.863787112574824
12,13,857.685,297.853,-2.1029,0.65752,2.203297746651596
13,13,842.314,299.589,-2.7433,-1.14546,2.9728392996595026
14,13,813.007,298.854,4.87481,2.47572,5.467445660863947
15,13,568.087,298.062,8.30914,2.94548,8.81576201867995
16,13,416.406,298.008,6.81771,3.49198,7.659966968890924
17,13,409.147,297.571,8.57504,3.47939,9.25405131678553
18,13,148.144,296.354,8.04318,,8.04318
19,13,90.9803,295.425,3.76407,,3.76407
20,13,9.19141,294.182,-0.525551,0.00557041,0.5255805200619293
21,13,0.0,292.848,0.43884,0.715599,0.8394417635554
22,13,35.8594,292.304,-0.811201,-0.842683,1.1696844450064299
23,13,35.3232,291.611,-1.97427,,1.97427
24,13,31.9727,291.382,-0.786659,-6.22597,6.275470884577587
1,14,42.8867,293.446,-0.203796,0.623222,0.6556969352528651
2,14,37.001,293.203,-0.85251,0.647816,1.0707188566360453
3,14,39.7334,292.783,0.328474,4.14597,4.158961698498317
4,14,43.0176,292.669,0.51193,-1.39289,1.4839861444770972
5,14,0.0,292.414,0.856001,1.08192,1.3795972594931465
6,14,19.6816,293.027,-0.0321131,0.708589,0.7093163061093478
7,14,93.3281,293.797,-0.321791,0.782001,0.8456210804385141
8,14,217.654,295.112,0.223408,-2.52439,2.5342564997576704
9,14,286.786,296.298,3.05748,-0.870356,3.1789469195216205
10,14,399.46,297.588,3.53842,1.29241,3.767059822261919
11,14,646.46,298.923,4.86646,1.82896,5.1988005937139
12,14,744.716,300.238,5.69349,0.518848,5.717082440126607
13,14,784.455,301.172,5.86803,-1.7524,6.124106615735883
14,14,778.569,301.732,4.59503,-0.145862,4.597344496983449
15,14,723.025,302.319,6.38727,0.939132,6.455941989076729
16,14,581.344,301.908,7.3763,-3.25607,8.062989119110853
17,14,388.866,301.323,4.64194,1.14932,4.782106588732627
18,14,73.4566,299.772,1.62472,-1.7669,2.4003438687821377
19,14,12.4959,297.996,1.66007,1.86287,2.4952188364550314
20,14,9.68359,296.895,-0.754066,-1.55986,1.7325642129387298
21,14,0.0,296.376,0.708371,0.230247,0.7448510956224741
22,14,41.2979,295.262,1.2347,-4.90128,5.054406961098404
23,14,35.7471,295.006,0.70005,-3.49589,3.565293381280144
24,14,42.458,294.522,0.0697861,3.23399,3.2347428676562857
1,15,39.5449,295.4,2.92657,1.22332,3.1719589826005
2,15,28.2197,295.432,3.86868,2.71471,4.726133231987858
3,15,19.8613,295.112,5.09166,1.13621,5.216893205702029
4,15,19.9551,294.782,2.89816,2.02459,3.5352929233233277
5,15,0.0,294.631,3.08842,-0.393177,3.1133464711992787
6,15,9.94727,294.801,1.6715,-1.48624,2.2366988146820304
7,15,54.1406,295.122,-0.134291,-2.73753,2.7408218792145176
8,15,106.92,295.913,1.29909,0.854512,1.5549358784991747
9,15,261.63,297.065,1.96227,-1.4978,2.468584289203024
10,15,397.1,298.177,2.66831,1.35686,2.9934841432184003
11,15,494.929,299.583,2.79858,1.37144,3.116552211980412
12,15,654.435,301.744,4.60267,0.62627,4.645081833703256
13,15,812.986,302.952,2.29284,3.59184,4.261270919713977
14,15,788.725,303.19,4.03106,0.0528688,4.031406681744405
15,15,652.4,300.286,-0.234315,-3.93099,3.937967229336095
16,15,366.828,300.306,0.902666,2.09257,2.2789592169356605
17,15,136.632,300.075,5.9017,1.31533,6.046499474811852
18,15,42.941,298.795,1.67062,0.968451,1.931027841280648
19,15,5.89436,298.363,1.18302,-2.35881,2.6388484110497896
20,15,2.51562,296.703,2.139,-5.53935,5.937989510137248
21,15,0.0,295.388,-4.69055,-2.20432,5.182690996470849
22,15,30.3506,294.763,-0.0817089,2.10751,2.109093346544721
23,15,24.3359,294.439,-2.64126,-2.90898,3.929175362337497
24,15,26.332,294.195,-3.21928,1.64707,3.61615863912246
1,16,28.2852,295.144,0.335266,1.23064,1.2754913172405369
2,16,25.6504,294.894,0.194853,0.297718,0.35581413565652503
3,16,33.6758,294.832,1.04625,2.14109,2.383045415135851
4,16,41.3594,295.012,0.631559,1.85858,1.9629534856641406
5,16,0.0,294.879,0.598677,1.14149,1.2889583276541563
6,16,9.67188,295.108,0.36193,-0.888091,0.9590093582343188
7,16,72.875,295.204,1.12889,0.25661,1.157687921764756
8,16,225.638,295.985,1.99489,,1.99489
9,16,389.708,297.1,2.77135,0.739508,2.8683188289595702
10,16,441.506,298.013,3.80795,2.29046,4.443724813048171
11,16,529.96,299.444,-0.5896,3.87389,3.9185012303302904
12,16,597.201,300.572,3.13148,1.11602,3.324404853624179
13,16,699.189,301.579,1.97643,-1.40572,2.425350338260434
14,16,689.007,301.946,2.44659,1.25599,2.7501479066042975
15,16,707.822,303.314,4.88531,0.916183,4.970477349871841
16,16,248.594,299.691,1.75716,-1.45431,2.28092718903958
17,16,194.975,298.429,-2.55386,0.942286,2.7221505846289986
18,16,7.61289,293.966,5.24337,2.07294,5.638262959502686
19,16,3.34748,293.424,5.66984,-2.29728,6.117563324069478
20,16,0.40625,293.422,-0.177895,-3.27959,3.2844112408657047
21,16,0.0,292.991,-0.914676,-1.87424,2.08552337857335
22,16,25.8545,293.027,0.956377,-1.0751,1.4389221577726157
23,16,20.0615,292.741,-0.209618,-0.381635,0.43541357253650237
24,16,22.1475,293.129,1.12252,-2.1625,2.4364846398859155
1,17,39.2383,294.908,2.409,2.90643,3.774998853628965
2,17,37.0195,294.889,2.42874,1.94469,3.1113658067961087
3,17,35.2998,294.546,3.46373,0.746559,3.5432719135540527
4,17,32.9521,294.296,2.77023,-0.640934,2.8434082797333207
5,17,0.0,294.119,2.23198,1.30897,2.5874963152244295
6,17,11.0469,294.313,1.29406,1.1456,1.7282912496451515
7,17,62.1719,294.796,0.624498,-1.18968,1.3436280193580366
8,17,124.326,295.625,0.435322,-2.1948,2.2375549789187303
9,17,281.083,296.625,1.92809,0.304937,1.9520547180007533
10,17,323.803,297.352,3.05307,-1.45905,3.3837942206050298
11,17,396.382,298.908,5.49927,-0.0885162,5.499982331840934
12,17,624.06,300.309,3.88392,-1.30684,4.09788547326545
13,17,744.752,301.468,4.51061,2.18559,5.01222567530633
14,17,818.069,302.262,3.99249,6.02162,7.224948707395784
15,17,694.353,302.201,5.95172,2.81706,6.5847397824059835
16,17,573.36,302.444,3.09212,2.65409,4.07497237076523
17,17,215.569,300.9,5.80649,4.04287,7.075317940347275
18,17,89.4801,300.001,1.37863,1.54462,2.07037958386862
19,17,37.074,297.629,-0.164637,1.816,1.823447652599054
20,17,12.7773,298.104,4.65072,-1.34013,4.839952988955575
21,17,0.0,296.05,-2.64856,-1.3469,2.971364952946709
22,17,27.2549,295.12,-2.56999,2.10165,3.319906824385287
23,17,20.6758,295.018,-1.03335,1.48067,1.8056012492795854
24,17,22.5186,294.481,-2.44682,4.38145,5.018369477718834
1,18,39.4707,295.625,1.13312,2.26385,2.5315958913104595
2,18,32.2969,295.5,1.98929,1.79039,2.6763353781243486
3,18,29.1582,295.375,1.10631,1.40672,1.7896320779702177
4,18,20.6699,295.314,2.4631,1.94696,3.139667952443379
5,18,0.0,295.189,3.62846,1.38661,3.8843801646723506
6,18,2.93359,295.189,3.17882,1.32626,3.4443957641362877
7,18,42.9375,295.576,3.25536,0.455829,3.2871186177016796
8,18,118.295,296.161,1.97097,0.794454,2.125059975392695
9,18,153.489,297.103,2.30406,0.0939999,2.305976683490102
10,18,428.35,298.689,2.22397,0.223076,2.235129853649671
11,18,635.054,299.664,3.65308,-1.71791,4.036856234063829
12,18,748.529,301.012,3.13001,1.08184,3.311697508182171
13,18,806.002,302.161,3.81139,1.49077,4.092565078896119
14,18,803.116,302.295,5.49053,-0.133655,5.4921565290808125
15,18,747.134,302.473,6.02203,0.80339,6.075383182400926
16,18,644.485,302.409,5.72884,1.39823,5.897003889985151
17,18,497.725,301.586,6.5687,2.31826,6.965784171046359
18,18,326.957,300.759,6.18771,-0.565728,6.213517780942129
19,18,153.504,300.07,4.43253,-1.31779,4.62427212488625
20,18,25.8125,298.833,4.11605,-0.810836,4.195154660009092
21,18,0.0,297.922,3.3573,0.292747,3.370039183156332
22,18,30.0615,297.986,1.08431,0.812591,1.3550026971858766
23,18,22.1152,297.296,3.05112,0.583209,3.106358960596956
24,18,24.0557,296.547,3.2944,1.11387,3.477610923737732
1,19,42.6553,295.625,1.46027,3.46355,3.7587986212884563
2,19,29.4863,295.5,2.23245,3.72985,4.346908559539757
3,19,25.292,295.625,1.68638,2.29441,2.847489201472062
4,19,30.335,295.913,2.07882,1.76873,2.729450202018714
5,19,0.0,295.875,2.93803,-0.337025,2.9572970989613134
6,19,6.91406,295.875,2.54943,2.04453,3.267980453705315
7,19,48.2969,296.24,3.69579,0.859637,3.794448510109078
8,19,126.357,296.418,2.98561,-1.00779,3.1511121459256253
9,19,207.88,297.302,2.3773,1.49244,2.80694361247247
10,19,483.381,298.818,3.86557,-0.725655,3.933091227511129
11,19,625.366,299.453,4.09448,1.88902,4.509230869095083
12,19,732.935,300.453,1.16273,-2.1125,2.4113476113783343
13,19,800.877,301.453,4.07213,3.21245,5.186721289928735
14,19,788.772,301.479,5.46026,2.91566,6.189952544503067
15,19,723.791,301.907,5.75641,2.56706,6.302860710161696
16,19,615.516,301.978,5.47884,1.61796,5.712747351948972
17,19,472.585,301.53,6.17612,1.89248,6.459561812135557
18,19,278.824,300.416,5.6589,2.61494,6.233864003457246
19,19,135.652,299.853,4.84073,1.48397,5.063085412453557
20,19,26.3594,298.891,2.13216,-3.52568,4.120257968622838
21,19,0.0,297.839,4.50573,-1.32151,4.695528885333366
22,19,26.6602,296.988,0.89876,-0.24698,0.9320776029923689
23,19,17.6152,296.578,1.02036,-2.34648,2.558730724402238
24,19,19.5879,296.203,1.81002,-1.77773,2.537025099067804
1,20,32.7285,295.424,2.15118,2.79754,3.528994962308674
2,20,24.748,295.312,2.05032,1.77672,2.7130326317241376
3,20,12.5283,295.187,1.75621,1.26707,2.1655807417411155
4,20,7.43262,295.066,3.02609,-0.346989,3.0459189178671515
5,20,0.0,295.062,2.97319,2.17421,3.6833473770742833
6,20,6.37109,295.187,2.28185,0.973725,2.4809231745713127
7,20,63.8828,295.713,2.2368,0.688739,2.340434927555347
8,20,160.146,296.355,3.10134,0.696797,3.178653151070277
9,20,313.317,297.73,2.39977,-2.31469,3.334169439155725
10,20,386.803,298.816,1.38413,1.91741,2.36479956127364
11,20,557.382,299.562,2.58667,2.57799,3.651971266179404
12,20,600.544,300.655,3.80335,2.01592,4.304579499660798
13,20,672.392,302.927,6.27037,-0.472125,6.288119110872901
14,20,693.194,303.016,7.18829,1.10414,7.2725950157904435
15,20,774.166,302.605,4.02106,1.04802,4.155390408132551
16,20,651.531,302.355,5.60481,4.9578,7.4828922199975585
17,20,492.71,301.855,6.32211,1.24209,6.442969999945678
18,20,302.98,300.984,5.58371,1.04951,5.681486478396301
19,20,81.5975,299.691,5.163,-1.2426,5.310425949017649
20,20,20.8867,298.204,5.90462,-2.97392,6.611258390866296
21,20,0.0,297.342,2.13025,-3.58714,4.171994540037176
22,20,23.9844,296.7,0.352861,-4.37198,4.386196530676777
23,20,14.8398,296.312,-0.214989,0.739459,0.7700778420406602
24,20,13.3213,295.799,-1.08939,1.65879,1.9845288700847867
1,21,38.1221,294.906,2.95441,1.71209,3.414643556244195
2,21,32.335,294.419,3.38821,2.40514,4.155077065915866
3,21,27.9434,294.232,2.74791,1.60886,3.184248713228915
4,21,19.0332,294.169,3.72189,-0.22736,3.728827931361274
5,21,0.0,294.05,3.93168,2.28114,4.5455150777442155
6,21,4.80078,294.344,3.39513,1.12167,3.575619010157542
7,21,58.4688,294.712,3.4077,-0.519269,3.4470363479895307
8,21,126.349,295.1,2.80544,0.87502,2.9387333315563016
9,21,250.411,296.162,2.74547,-0.00609779,2.745476771699751
10,21,350.788,297.587,1.73862,-2.6822,3.1964036579255755
11,21,577.038,298.662,2.32495,1.10435,2.573903926917242
12,21,716.482,299.857,2.36195,1.48809,2.7916338675764774
13,21,810.846,301.287,3.3358,1.3975,3.61670677412477
14,21,829.679,301.78,6.15557,2.33705,6.584287716025174
15,21,777.525,301.725,5.99469,1.2946,6.132886543553533
16,21,659.985,301.725,5.38313,1.98808,5.738514675706599
17,21,502.444,301.162,5.46469,0.957911,5.548011380667941
18,21,327.347,300.217,6.05441,0.289741,6.061338985338224
19,21,140.988,299.037,5.23087,-3.06779,6.064102278243665
20,21,23.918,297.612,4.97201,-2.80595,5.7091364358018275
21,21,0.0,296.849,5.65417,-0.893776,5.7243754180762805
22,21,29.5928,296.299,6.2386,0.0694265,6.238986295777725
23,21,21.0361,295.73,5.0853,1.49434,5.300313964813783
24,21,18.3154,295.112,2.24166,0.374612,2.2727458516393777
1,22,40.1182,295.192,1.13751,2.31951,2.583419369788808
2,22,32.4434,295.067,2.56546,1.7694,3.116466167247769
3,22,29.0137,295.066,2.30064,1.09666,2.5486481838810158
4,22,22.5596,295.066,3.34396,1.71307,3.7572166967716942
5,22,0.0,294.942,3.22905,1.88319,3.738070154317599
6,22,2.95703,294.941,3.34923,1.61142,3.716721136875889
7,22,41.4219,295.245,2.68944,-0.281476,2.7041294813998826
8,22,97.7165,295.817,2.33864,0.995137,2.541561468540354
9,22,236.567,297.173,2.79576,-2.60913,3.82411209753323
10,22,434.256,298.303,2.86948,-0.504463,2.913485608128003
11,22,692.976,299.355,3.9314,1.30455,4.142192253203611
12,22,761.404,300.678,2.96107,1.38506,3.268994761161296
13,22,833.267,301.783,4.23717,2.4434,4.891197518900663
14,22,821.694,302.047,5.59796,1.7433,5.863126388847506
15,22,764.056,302.008,5.9986,-0.792314,6.050699416976189
16,22,654.531,301.811,5.69075,0.877724,5.7580408979683355
17,22,504.304,300.85,6.6268,-0.597754,6.653704838998797
18,22,330.136,300.383,5.42013,-0.172174,5.422863920768804
19,22,157.074,299.692,4.72355,0.223224,4.728821582241817
20,22,26.3008,298.1,4.85189,-1.78154,5.168628574747851
21,22,0.0,297.192,4.49841,0.702904,4.552995339478835
22,22,31.2373,296.744,2.96419,0.0332937,2.964376971061489
23,22,22.7559,296.283,3.35825,-0.214643,3.3651024768866997
24,22,23.8604,295.744,3.0317,0.820901,3.1408730222345826
1,23,38.9453,295.51,2.16193,2.35125,3.1941067432695482
2,23,32.5254,295.313,2.48343,2.52916,3.54458387832761
3,23,26.7441,295.188,1.53551,1.36082,2.0517363457569298
4,23,18.875,295.01,2.9548,1.94549,3.5377640368034724
5,23,0.0,294.938,3.34721,1.85048,3.8246687457216475
6,23,4.20898,295.01,3.4215,1.56113,3.760822932138656
7,23,49.0703,295.438,3.02928,-2.43821,3.8886251198206288
8,23,138.209,296.063,1.99489,0.729512,2.1240936585386248
9,23,228.598,297.125,3.96227,-1.29907,4.169792131245873
10,23,347.335,298.376,1.63315,-3.49372,3.8565863611359723
11,23,601.632,299.438,3.4519,1.61266,3.8100243943576007
12,23,782.748,300.938,3.01136,1.25225,3.2613523440591328
13,23,787.439,302.063,3.17858,1.25981,3.4191361558879168
14,23,819.757,302.422,6.17217,2.23451,6.564199680768403
15,23,757.806,302.54,5.83209,1.52214,6.027452525545099
16,23,653.766,302.611,5.46419,0.127724,5.465682553558705
17,23,506.804,301.548,5.79477,-0.958105,5.873442307874063
18,23,333.636,300.688,5.68917,-0.517877,5.712692174100491
19,23,148.293,299.948,3.97355,1.36873,4.202680265663806
20,23,25.5938,298.361,4.80355,-2.29521,5.3237281623501405
21,23,0.0,297.448,3.93738,-0.479713,3.9664954086408573
22,23,28.9395,297.198,2.27278,-1.55948,2.7563575237621114
23,23,21.6465,296.573,4.41929,-1.43535,4.646542125774822
24,23,19.4844,296.026,2.68404,0.597268,2.749690852700354
1,24,45.7598,295.5,3.01398,0.515312,3.057715143329084
2,24,40.9316,295.154,3.29251,1.42662,3.5882957966839917
3,24,36.7822,295.085,2.85338,2.35056,3.696878377496344
4,24,31.8066,295.086,2.19845,1.55291,2.6916002434611275
5,24,0.0,295.21,3.4937,2.71034,4.421751079108819
6,24,3.88281,295.211,3.57775,1.35361,3.825252291627312
7,24,57.2266,295.529,3.73827,0.984637,3.8657693431798283
8,24,132.349,296.335,2.80495,1.09035,3.009419815346473
9,24,247.973,297.335,1.95103,0.937262,2.16448102730054
10,24,488.506,298.585,2.70932,-3.08259,4.1039951231087
11,24,702.273,299.668,2.94702,-3.1974,4.348366778504316
12,24,817.216,300.694,2.54261,0.647755,2.623823956008672
13,24,855.408,301.625,3.67858,1.87162,4.127337185256373
14,24,838.304,302.111,5.57012,-1.15221,5.688042255337068
15,24,770.556,302.54,4.8194,-2.17317,5.286708258349424
16,24,658.516,302.346,4.72981,0.664833,4.776306685503873
17,24,510.554,301.29,5.55405,-2.04014,5.916894677286389
18,24,338.91,300.5,6.08712,-0.805963,6.1402448038957695
19,24,162.941,299.595,5.71915,-1.67326,5.958898870605206
20,24,26.8047,298.29,4.7474,-2.22587,5.243310406308213
21,24,0.0,297.25,4.4779,0.158958,4.480720484002991
22,24,36.6367,296.625,3.38802,-1.39053,3.6622743208694786
23,24,28.4482,296.151,3.38902,1.59786,3.7468137316925696
24,24,25.707,295.845,3.05025,-1.02773,3.2187348470167594
1,25,36.043,296.0,2.0506,2.79119,3.46348119326495
2,25,27.126,295.869,0.116728,2.75866,2.7611284688663074
3,25,14.2764,295.744,0.481794,1.86326,1.9245423575582845
4,25,12.9463,295.625,1.25705,2.57733,2.8675433094201033
5,25,0.0,295.619,1.66411,1.52723,2.2586928885972966
6,25,7.22852,295.744,0.861442,1.37314,1.6209860514402954
7,25,73.8281,296.255,1.2534,-0.508039,1.3524478494644443
8,25,156.904,297.011,2.62477,-1.11814,2.85300799376728
9,25,327.036,298.261,1.99205,-0.788813,2.1425426836982733
10,25,436.991,299.5,2.87827,1.13177,3.092788632577403
11,25,579.741,300.841,2.66479,2.411,3.5936091529408145
12,25,793.169,301.63,2.61439,2.05303,3.324149102101168
13,25,817.642,302.75,0.657093,0.101605,0.6649020880355242
14,25,818.897,303.0,6.11358,0.780408,6.1631888712633165
15,25,746.634,302.505,5.74762,0.640792,5.783230070787777
16,25,631.656,302.624,5.50423,-0.0851669,5.504888853896653
17,25,479.694,302.119,5.71371,1.87197,6.012549679212638
18,25,284.668,301.0,5.60128,0.778022,5.655055779643911
19,25,84.535,299.75,6.21866,1.63533,6.430088366772264
20,25,21.4805,298.494,4.46957,-2.23564,4.997513601232117
21,25,0.0,297.75,1.80798,-3.28635,3.7508516370152525
22,25,26.5547,297.125,1.0345,-0.443269,1.1254677500315147
23,25,18.2842,296.761,1.59263,0.314654,1.62341536786369
24,25,19.1953,296.364,1.51217,-2.26797,2.7258661063595917
1,26,32.4902,295.714,2.00519,3.05291,3.652539719729273
2,26,23.583,295.839,2.86429,2.90514,4.0797053354010755
3,26,17.6172,295.839,3.37388,1.66209,3.7610649319707314
4,26,9.02637,295.897,4.20138,2.32977,4.8041047196434015
5,26,0.0,295.973,4.28178,1.37391,4.496806495336441
6,26,5.80859,295.967,3.61974,1.34628,3.8619926859071083
7,26,53.75,296.067,5.22899,1.26393,5.379577628866414
8,26,119.091,296.2,4.77126,1.01223,4.877451338609131
9,26,178.395,296.599,2.98961,1.30738,3.2629756996490182
10,26,508.569,297.222,3.5101,0.955498,3.6378260593387366
11,26,762.741,297.315,4.71021,2.04576,5.135290860477135
12,26,857.201,298.1,3.73499,0.940235,3.851518162403625
13,26,893.424,298.65,5.14928,0.997602,5.2450256690319454
14,26,877.21,298.109,6.26251,1.25648,6.38731347989904
15,26,804.494,298.217,4.30084,0.630538,4.3468152566038505
16,26,686.422,298.558,4.05306,-1.64376,4.373698926675224
17,26,526.85,298.593,5.94125,1.21475,6.0641626895227665
18,26,342.418,298.416,5.45968,1.63935,5.700488937354408
19,26,159.519,298.469,3.12198,-1.21525,3.350162933783968
20,26,27.7188,297.957,2.785,-2.98759,4.0843505001529925
21,26,0.0,297.348,1.96228,1.08669,2.243086702403632
22,26,23.6807,297.06,1.64095,-0.159089,1.6486437493955446
23,26,13.6787,296.793,0.92173,-0.586713,1.0926199418228646
24,26,13.8389,296.414,0.697716,1.00254,1.2214311557578674
1,27,42.4043,296.025,2.56329,-0.534004,2.6183231076618485
2,27,39.1387,295.966,3.74417,-2.22767,4.356755974093569
3,27,35.2939,295.5,3.12877,0.782692,3.2251834800153616
4,27,31.7969,295.125,3.2717,1.93328,3.800209526907694
5,27,0.0,294.868,2.97416,0.40028,3.0009751388507038
6,27,2.91406,294.866,3.22668,0.0484324,3.2270434641897467
7,27,26.8047,294.993,2.87303,-0.448956,2.907896640328882
8,27,117.06,295.877,2.39284,0.0454302,2.393271227561147
9,27,282.661,297.285,2.00816,-0.0339298,2.0084466178935503
10,27,512.116,298.643,3.55307,-3.60993,5.065165449400443
11,27,627.226,299.75,2.6272,1.65465,3.1048424215248027
12,27,735.748,301.115,2.60462,0.520802,2.656177717624331
13,27,744.221,301.875,3.66881,1.64018,4.018750707433841
14,27,762.819,302.5,4.7752,1.8849,5.133749414414381
15,27,748.65,303.116,4.96686,0.576827,5.000242758859713
16,27,639.406,303.242,4.38118,1.99589,4.81438626249494
17,27,490.679,302.842,4.63754,1.28115,4.811249585513103
18,27,322.074,301.873,4.80636,-1.84112,5.146923285225844
19,27,151.91,300.473,4.68448,-1.31096,4.864459784189813
20,27,23.1172,298.721,4.17464,-2.4583,4.844673159213117
21,27,0.0,297.848,3.23181,-4.01975,5.157808249499006
22,27,32.0371,296.821,1.90657,1.78232,2.609918341117208
23,27,23.6553,296.49,3.57359,-1.95488,4.073340312630409
24,27,24.207,295.848,1.78658,0.322854,1.8155172270501871
1,28,31.377,295.106,1.16779,2.71746,2.9577563009315018
2,28,22.7305,294.736,2.06351,2.84948,3.5181827397820027
3,28,9.8584,294.736,1.56871,3.29685,3.6510369741485778
4,28,4.44727,294.778,2.51681,1.36834,2.8647315636373327
5,28,0.0,295.027,3.42924,1.71913,3.836025929852404
6,28,7.08203,295.068,3.11047,2.07822,3.740858456196919
7,28,71.5156,295.445,3.28172,0.993915,3.4289288685572057
8,28,119.076,295.863,3.51345,-0.769023,3.596627208514805
9,28,259.536,296.864,2.37828,-0.0783634,2.37957067154131
10,28,402.71,298.066,3.21713,1.44671,3.5274488318046515
11,28,634.132,298.941,3.74243,1.82066,4.161800708887921
12,28,764.451,300.193,2.76331,1.45488,3.1229085754309236
13,28,803.002,301.192,3.68346,1.87651,4.133904613280283
14,28,784.257,300.695,6.71661,1.17006,6.817762851236467
15,28,717.009,300.947,6.79108,1.04362,6.870801283023691
16,28,606.938,301.07,5.89974,-0.292198,5.906971452343748
17,28,464.866,300.443,6.85287,1.12783,6.945057792833693
18,28,296.011,299.693,5.7922,2.08369,6.1555945980952975
19,28,135.933,298.983,5.0253,1.35701,5.205296939666362
20,28,25.168,297.735,4.44369,-1.34404,4.642501948055595
21,28,0.0,296.989,5.75915,-2.55003,6.298449152243749
22,28,20.7354,296.487,1.44271,-0.513581,1.5313972664403575
23,28,11.5908,296.103,2.00278,-0.167768,2.0097944746227165
24,28,12.6221,295.565,2.48092,1.14903,2.7340874139829543
1,29,40.3223,295.359,4.92316,3.83318,6.239452964643616
2,29,35.2295,295.197,5.37112,3.50817,6.415308784719564
3,29,29.8945,295.146,4.93248,1.3198,5.105999509439851
4,29,16.8193,295.109,4.70529,1.46649,4.928523805786069
5,29,0.0,295.072,4.14409,1.41639,4.379456879591349
6,29,7.92773,295.109,3.32629,1.3414,3.586580422087312
7,29,76.2188,295.609,2.916,0.391376,2.942147374516783
8,29,185.873,296.447,3.3406,0.692403,3.4116023030841385
9,29,282.833,297.641,3.52672,0.887457,3.636665214897984
10,29,411.553,299.0,4.42612,-2.48933,5.078119937860862
11,29,476.632,299.822,4.04907,0.931992,4.154946083039346
12,29,630.357,301.146,3.45228,-0.503124,3.4887491967431536
13,29,809.189,302.535,3.86901,2.29985,4.500949722291952
14,29,623.491,303.413,5.44854,3.55726,6.506972171386628
15,29,613.275,302.3,5.0191,1.3278,5.1917644062495745
16,29,278.36,301.375,-2.42839,1.07011,2.653716903552449
17,29,394.522,302.5,6.37241,1.78213,6.616917450369168
18,29,309.972,301.588,7.31417,-0.977838,7.37924453742685
19,29,122.441,300.088,6.92863,1.4908,7.087199610346811
20,29,15.1367,298.572,6.17709,0.217484,6.180917420444638
21,29,0.0,297.681,5.31628,0.0251694,5.316339580679206
22,29,28.9561,296.697,4.66146,-0.111238,4.662787066148743
23,29,20.5918,296.027,3.24497,-0.202924,3.251308728908407
24,29,22.1758,295.338,-0.919472,1.78086,2.004218326027382
1,30,42.7148,295.625,2.35187,0.507988,2.4061056304834167
2,30,37.2988,295.48,2.74612,2.16686,3.4980647955691158
3,30,31.5664,295.375,2.31236,0.886696,2.476537616515445
4,30,24.8174,295.125,2.64718,1.40789,2.998285544190213
5,30,0.0,295.0,2.81059,1.40223,3.140965635119238
6,30,4.03906,295.25,3.68078,1.65732,4.036688121566986
7,30,54.5078,295.697,3.51171,-2.24778,4.169487025102728
8,30,154.865,296.508,1.87673,1.91066,2.678196618715661
9,30,292.958,297.572,2.26598,0.713629,2.3756960474860835
10,30,360.006,298.644,2.53745,-0.855049,2.6776409944017887
11,30,560.71,299.723,3.13354,1.48619,3.468116729249464
12,30,691.373,301.072,1.79066,1.26006,2.1895694643468153
13,30,765.267,302.329,3.61998,1.60502,3.959841461573935
14,30,799.647,302.454,5.72344,2.49281,6.242745159759447
15,30,746.791,302.48,5.34625,2.82097,6.044854076270163
16,30,636.61,302.579,4.81575,2.28007,5.328242418227609
17,30,490.663,301.974,5.2767,0.238184,5.282072936627816
18,30,322.847,301.034,5.90988,0.64228,5.944678730831465
19,30,152.894,299.776,3.85929,-2.37346,4.530720878149525
20,30,24.6094,298.329,3.62093,-3.08134,4.754554685824951
21,30,0.0,297.56,3.19616,-1.47874,3.5216630635539223
22,30,29.7393,296.829,2.8431,0.22177,2.8517362330517178
23,30,20.6475,296.329,4.1937,1.46993,4.4438512458114525
24,30,19.9873,295.784,2.68014,0.476174,2.722111698273236
1,31,36.7422,295.148,3.52618,2.1032,4.105775886772195
2,31,33.2207,295.127,3.65237,1.91588,4.124366956431011
3,31,27.8154,294.934,3.43541,1.21922,3.6453448775801722
4,31,15.1113,294.773,3.45431,1.78143,3.8866116889908104
5,31,0.0,294.663,4.36088,1.40712,4.582276843317087
6,31,10.875,294.684,4.5841,2.13583,5.057246543218948
7,31,93.3281,295.258,2.90965,-1.54954,3.296534139683677
8,31,139.662,296.075,3.25612,0.402364,3.2808861977971744
9,31,206.161,297.273,3.3856,1.79908,3.833924387152152
10,31,351.788,298.414,1.18979,1.11663,1.6317054884384008
11,31,498.601,299.436,2.44067,0.276718,2.4563067602447375
12,31,702.373,300.684,2.70081,2.2957,3.544659806822088
13,31,752.189,302.111,2.96862,1.61332,3.378684082124282
14,31,794.679,303.237,6.24835,2.6432,6.784422153912595
15,31,657.837,303.171,6.92975,4.27653,8.14310407052495
16,31,621.047,302.754,5.85481,2.93241,6.548116411930991
17,31,480.382,301.966,6.61996,1.94033,6.898460039059442
18,31,313.269,301.237,4.20675,-0.126275,4.208644786403933
19,31,107.254,299.737,5.03507,0.550372,5.065060635696675
20,31,21.5938,298.199,5.97543,-1.51787,6.165200160724711
21,31,0.0,297.325,7.03503,-2.15061,7.3564101620967275
22,31,26.9883,296.542,5.46126,-0.287019,5.468797006102988
23,31,18.4639,295.932,5.11509,-2.32792,5.619907226502943
24,31,18.4531,295.237,0.588341,-2.72207,2.7849255317119344
1,32,43.7529,296.125,2.91437,-0.868477,3.041020354491071
2,32,39.4629,295.75,3.12893,-1.29213,3.3852330616665083
3,32,36.6924,295.5,3.28746,1.499,3.613086527001533
4,32,31.5596,295.305,2.63644,1.89325,3.2457990443186713
5,32,0.0,294.951,3.085,1.39979,3.3877185603441147
6,32,2.90234,294.73,3.359,1.85214,3.8357924317668703
7,32,35.6953,295.556,3.54735,-0.70091,3.615932362558791
8,32,115.498,296.364,2.93532,1.05129,3.1179022060513697
9,32,259.552,297.5,2.1898,1.44507,2.623633233685684
10,32,555.631,298.808,2.8646,-2.8614,4.048894061345641
11,32,598.695,299.547,3.32983,-2.73402,4.3084374417298905
12,32,750.091,300.875,2.3722,1.42217,2.7658453226635795
13,32,804.627,301.989,3.0028,1.39457,3.310835744173969
14,32,815.382,302.73,4.92608,-0.232287,4.931553651413417
15,32,756.134,303.105,4.75397,-0.90413,4.8391819368360185
16,32,644.625,303.23,4.78255,-0.549034,4.81396124160301
17,32,498.429,302.471,4.86606,-1.01377,4.970540165464916
18,32,328.316,301.48,5.2507,-0.830377,5.315954895607091
19,32,155.801,300.239,3.04777,-1.69865,3.4891709323849414
20,32,24.4727,298.739,3.05257,-0.876266,3.1758503912583786
21,32,0.0,297.855,2.96765,0.0671616,2.968409877866357
22,32,34.8984,297.035,3.83626,1.48544,4.113808792493885
23,32,23.668,296.614,4.66831,1.58614,4.9304115807607785
24,32,23.7451,296.17,2.78072,0.786721,2.889867410494987
1,33,29.4805,296.002,-0.0177612,2.80437,2.804426243837666
2,33,20.3105,295.925,2.75931,3.515,4.468670571445158
3,33,4.95215,295.803,1.86607,3.10496,3.62256730047904
4,33,3.98926,295.557,3.2883,1.17303,3.491262847581087
5,33,0.0,295.626,2.42338,1.30409,2.7519849840615045
6,33,7.87305,295.651,1.96886,0.675385,2.0814789448430653
7,33,63.7891,296.127,1.90331,-1.56175,2.4620422454945814
8,33,134.302,296.752,2.68825,1.42678,3.0434173606161874
9,33,231.598,297.877,3.69078,1.27076,3.903420037095675
10,33,424.538,299.598,3.56088,0.788994,3.6472425072150054
11,33,682.366,300.252,4.0647,3.05797,5.08654761217272
12,33,775.654,301.506,3.43763,3.99932,5.273695144706413
13,33,867.846,302.882,3.99889,1.32084,4.2113821410197385
14,33,840.679,303.222,6.05694,0.939099,6.129309022671397
15,33,736.681,303.157,6.48151,2.34343,6.8921430662022685
16,33,664.0,302.881,5.75423,1.24393,5.887149118019689
17,33,478.038,302.181,6.21518,2.71768,6.783380205679172
18,33,313.824,301.377,4.94894,1.73701,5.244922388720352
19,33,57.0115,299.776,5.78898,1.92342,6.100150320836364
20,33,17.9844,298.632,5.65072,-1.4583,5.835861153968624
21,33,0.0,297.752,4.32605,-4.00315,5.894057899698645
22,33,19.7031,297.447,4.49446,3.06747,5.441465142082599
23,33,10.1064,296.782,-0.936668,-4.10234,4.207914022152069
24,33,11.957,296.06,0.559044,3.3209,3.3676263159584674
1,34,39.25,295.103,2.16241,2.75945,3.505792536731174
2,34,31.3105,295.353,3.94241,2.22496,4.526924299090941
3,34,27.4268,295.136,4.95885,1.9409,5.3251559725983615
4,34,21.7363,295.129,4.87082,1.72821,5.168326351586169
5,34,0.0,295.136,4.88041,2.07753,5.3041995314090515
6,34,6.16211,295.132,3.46886,1.72958,3.876136823694437
7,34,58.0391,295.682,3.90282,1.05251,4.042249528727785
8,34,145.795,296.136,3.37575,-0.964824,3.510922017572592
9,34,329.067,297.135,2.515,-0.561762,2.5769752704758346
10,34,441.522,297.996,2.59506,0.268974,2.6089621339291225
11,34,670.757,299.053,3.70435,1.59508,4.033173580308688
12,34,800.154,300.053,2.94007,0.703907,3.023160046962284
13,34,832.033,300.889,3.52916,0.916059,3.6461122304560236
14,34,814.788,300.539,5.47686,0.76283,5.529729203903208
15,34,747.978,300.81,3.91412,0.0372763,3.9142974972454114
16,34,637.219,301.189,4.89485,-1.35763,5.079637362981731
17,34,491.319,300.293,5.89926,-1.59189,6.110268596363011
18,34,324.504,299.661,6.48507,0.403022,6.497581060470427
19,34,156.535,298.889,7.02433,0.966388,7.090494885086936
20,34,27.2773,297.543,1.37093,-1.52861,2.0533138087004628
21,34,0.0,296.761,3.82165,0.473412,3.8508606368244487
22,34,30.0889,296.075,3.01106,-0.0233469,3.0111505112397836
23,34,18.4824,295.822,1.35581,0.205279,1.37126227394361
24,34,16.9941,295.575,2.3149,2.0875,3.1171169788764748
1,35,36.2734,294.749,3.11945,-0.142891,3.122720951410965
2,35,19.7979,294.443,2.6719,1.71862,3.1769016847236555
3,35,19.9922,294.546,4.35338,2.99607,5.284728268255615
4,35,29.6396,293.959,3.23263,1.52166,3.57286242003523
5,35,0.0,293.848,2.3975,2.12147,3.201349904477797
6,35,11.9277,294.477,0.273551,2.84433,2.857453988868587
7,35,102.531,295.076,2.26219,1.6155,2.7798100377723656
8,35,207.631,296.353,-0.185284,0.655293,0.6809839032642402
9,35,208.348,297.032,-0.195938,-0.736567,0.762182816214719
10,35,403.256,298.992,2.73178,-0.320869,2.750559740045833
11,35,634.648,300.644,4.91382,1.81578,5.238576524285963
12,35,663.388,301.011,6.77357,2.97686,7.398847613277354
13,35,821.299,302.183,4.56334,2.10356,5.024841950668697
14,35,712.647,302.315,6.26055,-0.404162,6.273582168485881
15,35,511.806,301.66,5.09527,4.1696,6.58386972326306
16,35,199.953,298.079,1.12728,-5.63204,5.743747449183329
17,35,148.21,297.461,-2.72134,3.96865,4.812055093003404
18,35,201.972,297.482,-3.40702,3.57685,4.939801737205655
19,35,20.41,297.079,1.32023,-2.50041,2.8275532569697073
20,35,4.02734,295.602,-2.22038,-2.53056,3.366574112952216
21,35,0.0,295.315,-1.78528,-4.63303,4.965097346407218
22,35,27.041,294.733,-2.10319,-1.39542,2.524005775052823
23,35,21.7207,294.607,-1.78725,-4.04765,4.424673217877226
24,35,22.9678,294.296,-1.02103,-0.641013,1.2055703741669337
1,36,44.9619,295.728,2.93146,0.743828,3.0243574235172668
2,36,40.8672,295.845,1.26663,1.94811,2.3236790073071623
3,36,32.9736,295.692,2.93785,2.43259,3.8142439264682584
4,36,38.7324,295.394,1.35129,2.65155,2.976021180468983
5,36,0.0,295.325,2.45122,1.99989,3.1635485614259187
6,36,9.86133,295.544,1.02746,0.284272,1.0660603273661393
7,36,78.8047,295.683,-0.698256,-0.63548,0.9441378458339651
8,36,93.7165,296.077,0.133564,-1.01219,1.0209642198412243
9,36,269.239,297.556,0.218124,0.0207577,0.21910947374609344
10,36,428.194,299.104,1.12631,-0.8321,1.4003444669437586
11,36,558.538,300.189,2.11206,1.91344,2.84992106508233
12,36,633.341,302.157,3.25697,-0.687695,3.32878025617868
13,36,556.377,300.523,6.21373,4.60795,7.735867353787809
14,36,645.35,302.971,6.73028,2.47279,7.1701714946366515
15,36,739.806,302.827,7.34479,2.63151,7.801973149415472
16,36,625.656,302.327,5.49153,1.63749,5.730469024521466
17,36,359.991,301.702,8.4852,2.46865,8.83701600442706
18,36,275.629,300.508,7.34201,3.36689,8.0771937646809
19,36,15.6287,299.222,3.34806,-0.0238466,3.348144922779114
20,36,10.6172,298.327,3.73519,1.29463,3.953189999607911
21,36,0.0,297.489,6.74402,0.234154,6.7480837173316095
22,36,27.5566,297.252,-0.0406933,-5.62979,5.629937067922242
23,36,20.1738,296.604,-1.48013,-0.862103,1.7128941588752644
24,36,22.6689,296.033,-1.17533,1.70371,2.06978945136939
1,37,40.0762,296.287,1.00226,2.80096,2.9748784898210547
2,37,33.8271,296.352,0.953642,2.24743,2.441387857155024
3,37,35.0244,296.305,2.45103,3.124,3.970758625363672
4,37,35.3789,296.305,2.03146,1.90594,2.785576603721391
5,37,0.0,296.162,2.34526,2.63807,3.5298240455439136
6,37,6.78516,296.125,2.07629,1.84677,2.7787658406206166
7,37,63.4609,296.356,2.46776,0.36745,2.4949667172329173
8,37,189.81,296.898,2.67751,-1.499,3.0685600532008497
9,37,400.302,298.25,2.02574,0.152594,2.0314791351219927
10,37,567.1,299.375,1.31381,1.32464,1.8656816035165271
11,37,581.585,299.5,3.69067,1.50621,3.986190363367008
12,37,759.857,300.546,3.53919,2.04717,4.0886147855967065
13,37,832.299,301.083,3.72936,1.78813,4.135883812016483
14,37,834.085,301.278,4.87237,2.58607,5.516135192487581
15,37,772.384,301.616,5.66119,2.1989,6.073239121432649
16,37,641.563,301.333,6.73567,1.46854,6.893900208191296
17,37,504.71,300.903,6.77036,1.08682,6.857036695395468
18,37,219.91,299.412,6.13839,0.129584,6.139757634072863
19,37,109.488,299.037,5.38029,1.62557,5.620498048127051
20,37,30.1758,298.453,2.21615,-1.05791,2.455706495206624
21,37,0.0,297.787,4.61999,-0.23362,4.625892984549036
22,37,22.5303,297.162,1.35579,-3.0126,3.3036230541785483
23,37,14.1494,297.037,1.18052,-0.0154238,1.1806207536742863
24,37,14.71,297.037,1.44674,1.06699,1.7976440937237828
1,38,40.2832,297.17,2.45099,1.84246,3.0662698563074975
2,38,27.9316,296.662,3.09768,2.72399,4.125014291187365
3,38,21.7148,296.287,1.97691,1.05808,2.2422547657436254
4,38,28.1074,295.929,3.0383,1.47967,3.3794511682964146
5,38,0.0,296.029,2.85649,2.58436,3.852071096137765
6,38,10.1289,295.942,1.93517,1.10458,2.2282234863899983
7,38,87.3984,296.179,1.24803,0.677508,1.4200690021840487
8,38,119.279,296.775,2.20339,-0.604472,2.284800623880342
9,38,233.802,297.627,0.411484,0.0842342,0.42001724096236814
10,38,435.46,299.058,2.88413,-1.01618,3.057912302421376
11,38,651.054,299.976,4.26245,0.0506439,4.262750849757373
12,38,720.279,301.329,3.45081,1.29473,3.6857041971650415
13,38,842.502,303.176,5.40709,2.91752,6.143984474142168
14,38,731.804,304.335,6.12823,1.27748,6.259964703039468
15,38,753.962,303.899,5.065,1.72331,5.350142274379253
16,38,645.563,303.545,6.34212,3.94608,7.469540378149113
17,38,490.335,303.8,8.13608,2.03897,8.387681230667985
18,38,280.863,302.559,7.8713,2.49482,8.257208397660797
19,38,40.2069,301.669,6.27775,0.722247,6.3191602125210435
20,38,19.5156,300.665,5.39291,-4.73173,7.174450993699796
21,38,0.0,299.932,2.98523,-4.77268,5.629393620568738
22,38,23.2354,297.97,-0.777021,-0.0506907,0.7786727049970931
23,38,17.2451,297.103,-3.58218,-1.66288,3.9493269612428903
24,38,18.0254,296.419,-2.67338,-1.68301,3.1590320170109067
1,39,36.96,296.799,2.29327,2.83123,3.6434805620175883
2,39,22.9521,296.575,4.17923,3.49254,5.44644829632119
3,39,14.043,296.146,1.14488,2.18162,2.463780842282852
4,39,22.4854,295.974,2.8342,2.29803,3.6487849376059422
5,39,0.0,296.101,2.30131,2.81337,3.6347047298233184
6,39,9.99414,296.075,1.57922,1.20908,1.988921882528321
7,39,86.4531,296.269,0.600573,0.116961,0.6118560319634023
8,39,117.076,296.929,2.18972,-0.694316,2.297160940434083
9,39,269.739,298.269,-0.734512,0.0173397,0.7347166415292973
10,39,440.678,299.34,3.22592,-0.162178,3.229994047995135
11,39,698.866,300.3,3.26929,0.705917,3.3446338984990565
12,39,769.279,301.479,2.71107,0.829395,2.8351008114218796
13,39,872.033,302.715,4.54284,2.7559,5.313415104770189
14,39,716.054,303.858,6.21173,1.19838,6.326270956677401
15,39,745.166,303.925,6.49664,2.38542,6.920734055430826
16,39,630.875,303.255,6.99251,3.37089,7.7626088071086
17,39,471.975,302.974,8.50668,1.61709,8.659017536100732
18,39,293.949,302.248,7.35617,3.40595,8.106400710019212
19,39,44.1444,301.101,5.85831,1.01326,5.945291572639647
20,39,17.9219,299.846,5.22152,-4.92705,7.179142902387443
21,39,0.0,298.45,-2.72132,-3.71995,4.609079142833197
22,39,21.8545,297.448,-1.22038,0.353606,1.2705764627270568
23,39,15.4512,296.922,-4.68862,-3.10136,5.621529271826306
24,39,16.8701,296.177,-2.78275,-0.288474,2.797662383343637
1,40,28.9756,295.938,1.13898,2.12811,2.4137372708105578
2,40,28.8936,295.799,0.776396,0.472523,0.9088832347144489
3,40,34.5254,295.563,1.11412,2.7866,3.00106696599726
4,40,37.1924,295.188,1.31955,2.49676,2.8240082684191985
5,40,0.0,295.139,1.24614,2.30214,2.6177687978887674
6,40,7.10156,295.11,0.531852,1.47031,1.5635466241861802
7,40,46.0078,295.479,0.582506,-1.34153,1.4625375143687767
8,40,81.4665,296.034,3.33376,0.879415,3.447800237807434
9,40,193.661,297.216,1.43687,1.22925,1.8909391739027461
10,40,346.506,298.5,1.7103,-0.0640335,1.7114982848727163
11,40,504.835,299.346,3.32837,0.642441,3.3898049052092953
12,40,720.779,301.53,3.01038,1.51934,3.372058982283673
13,40,828.611,302.461,3.42858,0.318402,3.4433327823496818
14,40,811.085,303.168,6.32012,0.722302,6.361260644998286
15,40,742.681,303.202,6.13092,4.05339,7.3497041123095554
16,40,486.594,302.764,4.67903,3.82694,6.044732542015403
17,40,408.304,301.348,8.31186,1.98037,8.544523509037822
18,40,215.738,300.043,8.25265,2.07001,8.508300266363428
19,40,16.3084,298.764,3.60489,1.43221,3.878976333544715
20,40,13.1328,298.049,2.72543,0.444047,2.761366767220356
21,40,0.0,297.543,2.80945,3.38259,4.397149577919769
22,40,27.333,297.023,0.222002,-3.5585,3.5654182276423056
23,40,20.1182,296.278,0.220558,1.43282,1.4496961694658643
24,40,20.8516,295.572,1.49361,2.32285,2.7616123831196875
1,41,38.1172,295.84,1.17999,0.897148,1.4823126977814096
2,41,32.7793,295.632,2.02347,0.372913,2.057545855253049
3,41,18.5078,295.434,1.73179,0.77195,1.8960494209276297
4,41,17.1875,295.309,2.46213,2.68426,3.642435433127127
5,41,0.0,295.325,4.0562,-0.805286,4.1353650360997145
6,41,8.25,295.356,3.77502,-0.991607,3.9030834532263077
7,41,48.1719,295.686,2.83446,1.6946,3.3023980153215935
8,41,166.404,296.548,2.54714,1.5718,2.993071569408256
9,41,303.067,297.73,2.2318,-2.07934,3.050341960436567
10,41,545.725,299.173,3.42124,-0.730537,3.4983663967584926
11,41,579.366,300.368,2.97485,-0.741837,3.065950856923346
12,41,646.373,302.109,2.09925,3.27373,3.8889791302345658
13,41,808.455,302.312,1.63854,3.00297,3.4209124736683925
14,41,741.866,303.687,4.86846,-2.35631,5.408705906933746
15,41,732.603,303.465,6.6983,1.53972,6.872987746853619
16,41,613.125,303.282,6.4554,3.22245,7.215010267664212
17,41,454.694,302.171,7.40317,1.42764,7.53956776072077
18,41,288.738,301.642,5.66085,1.45185,5.844064608215758
19,41,82.3631,300.15,5.68644,1.15096,5.801750494049188
20,41,16.457,298.632,2.77377,-1.18095,3.0147044490961297
21,41,0.0,297.632,1.89099,-2.21897,2.91541953087373
22,41,29.2861,297.434,3.34896,0.795012,3.4420309646695513
23,41,20.3379,296.64,2.96275,-1.28691,3.230174130074105
24,41,20.9951,296.051,-3.49564,2.49082,4.29228182695405
1,42,41.165,296.052,2.8465,1.15643,3.0724408204064724
2,42,35.6318,296.0,0.840849,-0.181774,0.8602725311649791
3,42,42.1045,295.883,-1.14955,0.854469,1.4323346237737187
4,42,35.3672,295.507,-1.60428,1.12078,1.9570033538039735
5,42,0.0,295.383,2.24467,0.881725,2.4116347950145767
6,42,4.74805,295.431,-0.0155115,0.815522,0.815669503608079
7,42,37.9219,295.557,1.7412,0.321551,1.770641828716638
8,42,91.7009,296.012,1.57009,-0.703593,1.7205306500463746
9,42,199.583,297.133,1.98717,1.61988,2.5637581444629287
10,42,323.116,298.375,2.97104,2.13323,3.657560514126868
11,42,517.21,299.549,3.08667,-1.60658,3.4797458219387227
12,42,700.654,301.323,2.5929,0.952442,2.762295453669647
13,42,817.83,302.552,3.96276,1.72465,4.321791808972292
14,42,806.46,303.878,3.6668,0.823865,3.7582144401597146
15,42,313.259,301.718,-0.150819,0.702315,0.7183263394767033
16,42,347.969,301.015,4.39485,3.11796,5.38854164724557
17,42,404.772,300.677,11.9813,5.08389,13.015278991327845
18,42,193.175,299.105,12.4836,5.81513,13.771565120816877
19,42,39.6522,296.939,5.27384,5.42928,7.569046813436947
20,42,6.85156,296.681,-0.527992,0.937211,1.0757044252883783
21,42,0.0,296.482,-0.149539,3.04665,3.050317710505088
22,42,23.2676,296.049,-1.96159,2.76083,3.38674144525383
23,42,15.4277,296.356,-0.675926,2.73751,2.819722851199387
24,42,13.7422,295.564,0.607872,4.7086,4.747675465781543
1,43,36.6074,295.75,0.239075,2.56951,2.5806081639266742
2,43,27.1943,295.562,1.78518,2.83239,3.348029382263543
3,43,27.6982,295.562,-0.549456,0.170387,0.5752683075791678
4,43,31.8506,295.687,1.67306,2.28436,2.8315067319715133
5,43,0.0,295.717,3.06254,2.10438,3.715853392694604
6,43,5.72266,295.676,2.84386,0.99228,3.0120025395075616
7,43,54.7891,296.0,2.19188,-0.535382,2.2563182001490834
8,43,156.459,296.562,2.29128,-1.49266,2.7345928241696242
9,43,364.723,298.0,2.12926,1.41334,2.5556365358164688
10,43,559.756,299.346,1.72592,1.67522,2.405236349051793
11,43,657.71,300.263,3.1438,-0.644669,3.2092174372517985
12,43,730.873,301.211,3.80726,2.52764,4.569922611729875
13,43,793.221,301.967,3.8651,2.85307,4.80406145203202
14,43,781.757,302.053,4.42266,3.96303,5.938478614636916
15,43,751.4,302.467,5.34235,2.73454,6.001534181698876
16,43,636.235,301.74,5.82649,2.60526,6.38242629316626
17,43,446.507,301.052,7.89047,1.30264,7.997273772386437
18,43,138.566,299.398,5.68087,1.39814,5.850391390026824
19,43,94.4647,299.0,4.2172,1.36971,4.434059237775247
20,43,29.8945,297.75,1.95541,2.80733,3.4212176190648846
21,43,0.0,296.875,4.42077,2.61599,5.136789958037997
22,43,25.0625,296.336,1.80013,-0.354402,1.8346849305818151
23,43,18.8311,295.898,1.11167,0.406451,1.1836437826901303
24,43,20.0371,296.057,-1.7183,2.61973,3.1329762467819635
1,44,32.7949,294.302,2.32648,-0.402657,2.3610679469360893
2,44,23.1768,294.355,1.94925,-1.26283,2.3225665052695477
3,44,31.0059,293.94,1.58677,0.403297,1.6372194425638245
4,44,37.6348,293.485,0.555387,1.22821,1.3479445551909766
5,44,0.0,293.416,3.27202,0.96278,3.4107272257980408
6,44,13.5996,293.574,1.80578,0.289643,1.828861524514363
7,44,84.625,294.196,1.69383,0.809344,1.8772580481212484
8,44,100.787,294.636,1.61501,1.25246,2.043749826103968
9,44,184.067,295.456,-0.226212,0.88648,0.9148872385950085
10,44,336.475,297.09,-0.00259209,3.13274,3.1327410723726543
11,44,549.007,298.593,1.65356,-0.288712,1.678575375889924
12,44,505.466,299.954,0.965462,0.637012,1.1566767748978104
13,44,619.314,300.711,-0.286266,0.146039,0.3213652319044486
14,44,638.225,301.403,4.47393,0.326306,4.485813777960026
15,44,685.9,301.825,6.95465,1.43474,7.101101005484995
16,44,447.094,300.467,5.99446,1.42265,6.160964511673477
17,44,444.585,299.99,9.20541,4.24209,10.135822652167905
18,44,130.8,298.696,6.57785,4.63154,8.044828984764065
19,44,23.2772,297.229,5.69279,-1.43791,5.871579272410448
20,44,13.3555,296.477,5.67318,-0.197555,5.676618649374379
21,44,0.0,296.041,-0.00696087,2.11111,2.1111214758538073
22,44,19.416,295.674,0.20833,-4.9296,4.934000156961894
23,44,13.6836,294.901,0.20298,-3.61796,3.6236494645591755
24,44,18.6689,294.587,1.81295,3.56992,4.003887674361008
1,45,63.999,296.719,-4.25653,-0.879219,4.346386279527051
2,45,63.999,296.696,-2.13181,-2.51966,3.3005000214664446
3,45,63.999,296.431,-1.23598,-0.980492,1.5776600148523763
4,45,63.999,295.719,,2.31121,2.31121
5,45,0.0,295.737,-1.73824,1.74598,2.463721668127307
6,45,7.41602,295.953,-1.0658,-0.871001,1.3764346631791136
7,45,65.2891,296.489,,-1.01976,1.01976
8,45,180.951,297.362,0.863056,-0.97166,1.299611024397685
9,45,436.88,299.005,,0.737066,0.737066
10,45,583.678,300.618,,0.890556,0.890556
11,45,661.226,301.552,1.3064,2.37828,2.7134658130147873
12,45,783.701,303.036,1.02601,-4.10664,4.232870020411682
13,45,662.424,302.713,2.5819,4.84037,5.485926480267485
14,45,787.038,302.933,1.44171,4.21547,4.455189675535712
15,45,636.228,301.469,2.68902,5.85759,6.445323046093191
16,45,490.391,300.904,5.32356,6.15897,8.140835493639457
17,45,372.632,300.205,2.72153,5.83389,6.437468296853974
18,45,270.871,299.58,-0.211704,5.48115,5.485236905195253
19,45,117.426,298.493,1.1298,4.81795,4.948645293663711
20,45,8.12109,297.422,0.688805,-0.46318,0.8300530347062168
21,45,0.0,297.207,2.66443,5.05447,5.713742574337769
22,45,63.999,296.692,3.50716,5.43564,6.468875750484005
23,45,63.999,296.46,1.9022,2.58028,3.205652775707313
24,45,63.999,295.806,2.11471,-1.08047,2.374744997889247
1,46,42.3145,294.633,-0.805847,-0.733223,1.0894977536176933
2,46,39.3086,294.219,0.125517,0.512562,0.5277066620130922
3,46,38.8584,293.78,-0.0626392,-2.45559,2.4563887960737487
4,46,41.8887,293.236,,-2.24982,2.24982
5,46,0.0,292.852,4.51225,-0.661243,4.560443220515852
6,46,14.4766,293.25,0.606071,0.0884714,0.6124942821438907
7,46,144.305,295.302,3.52928,0.175555,3.533643569522116
8,46,319.677,296.576,1.35036,-0.931621,1.6405455852371187
9,46,487.833,298.011,-0.867813,-3.21411,3.3292044838172674
10,46,641.085,299.678,0.699556,-0.125557,0.7107342382248093
11,46,753.304,301.206,-0.531982,-0.242813,0.5847760266059134
12,46,791.06,302.742,-2.57018,-3.75166,4.547612339239131
13,46,780.033,304.253,-2.01576,-2.63375,3.3166138515208554
14,46,805.507,305.462,-0.323431,-5.26598,5.275903048025143
15,46,720.837,305.413,0.970275,-3.68831,3.813799186077447
16,46,599.656,303.846,-2.10026,-5.20724,5.614841091713994
17,46,435.319,301.998,-2.8688,-4.36338,5.221982235167025
18,46,270.808,300.972,-0.0447121,-0.809869,0.8111023172494392
19,46,115.035,300.129,-0.0513554,0.491778,0.4944522003117794
20,46,11.6016,298.857,0.258141,-2.28252,2.297070814381002
21,46,0.0,298.002,1.47595,-3.55296,3.847330654375836
22,46,45.1396,296.446,1.35677,-2.46671,2.815223447081954
23,46,32.915,295.871,0.815285,-0.923627,1.2319807085965266
24,46,41.6992,294.971,1.52682,-2.93886,3.311808782523532
1,47,49.0723,299.107,-1.60565,1.89129,2.480945341316491
2,47,43.2295,298.734,-1.06931,-1.54359,1.877789648549592
3,47,43.3525,298.355,,-0.0278549,0.0278549
4,47,43.0195,298.152,,-1.67023,1.67023
5,47,0.0,298.017,,-1.28234,1.28234
6,47,8.10742,297.559,,-1.03116,1.03116
7,47,68.9141,297.845,2.07811,-1.06761,2.33630740361794
8,47,202.896,298.982,0.556416,-2.44041,2.5030381006201243
9,47,409.723,300.484,-1.39565,-1.71264,2.209292803613862
10,47,580.381,301.768,-0.103178,1.41692,1.4206716672349033
11,47,730.71,302.921,-3.4812,-2.60561,4.348328059392483
12,47,816.388,305.28,0.32679,4.29375,4.306167758761844
13,47,841.642,306.853,3.40416,4.85161,5.926755005709279
14,47,756.147,305.831,-3.75654,6.57094,7.568939506641601
15,47,692.009,306.795,0.344298,4.80388,4.816202255637112
16,47,502.578,305.823,-1.44987,3.241,3.55052165419393
17,47,167.304,304.358,-1.08707,1.29189,1.6884018943959995
18,47,172.246,304.581,-2.53788,2.25068,3.3921078044189574
19,47,72.7459,303.444,-2.94149,3.81111,4.814241669484406
20,47,5.98438,303.049,-1.43424,1.54366,2.1071142762555617
21,47,0.0,302.552,-1.53772,-0.392799,1.58709604397497
22,47,48.5576,301.116,-0.0914745,-1.49014,1.492945010290148
23,47,42.9521,300.166,-0.511864,1.94356,2.009833383167868
24,47,45.6133,299.569,1.1401,-1.59511,1.9606641533164215
1,48,63.999,297.674,-4.24286,-3.24982,5.344454229572932
2,48,63.999,297.319,-1.1489,-3.68519,3.8601290841240012
3,48,63.999,296.819,-1.2599,-1.86135,2.2476591895792386
4,48,63.999,296.318,-1.72293,-0.910954,1.9489291867628236
5,48,0.0,296.185,-2.29195,-2.1256,3.125893498265736
6,48,6.98438,296.088,,-2.10342,2.10342
7,48,63.3594,296.579,,-1.45823,1.45823
8,48,218.888,297.924,1.32741,-1.30564,1.8619111465641962
9,48,412.848,299.567,0.891464,-0.710199,1.1397765934151307
10,48,552.006,301.328,0.961275,2.37591,2.563005648398965
11,48,743.116,302.396,-0.56665,3.02135,3.0740279837698288
12,48,843.857,303.6,-1.41442,3.50469,3.779343320274039
13,48,700.221,302.647,2.61412,3.731,4.5556541104873185
14,48,783.1,302.508,0.290827,5.25453,5.262572171935412
15,48,566.072,301.364,1.27447,4.79069,4.957316255495507
16,48,467.172,301.992,1.35677,4.67069,4.863760881149483
17,48,375.007,301.53,1.09848,2.69033,2.9059480069849837
18,48,265.73,300.045,2.27707,3.64326,4.296322987451013
19,48,108.871,298.96,1.16886,2.36873,2.6414230090048054
20,48,8.41406,298.192,1.1683,1.30342,1.7503795549537249
21,48,0.0,297.83,-1.80188,1.2615,2.1995803655242967
22,48,63.999,297.067,0.249346,2.26767,2.2813374710059886
23,48,63.999,296.692,0.886574,-0.165814,0.9019466392597735
24,48,63.999,296.203,0.453575,-2.00429,2.054971699251598
1,49,63.999,297.467,-0.535828,1.59148,1.6792618128165722
2,49,63.999,296.922,-0.485323,-1.5016,1.5780814219580055
3,49,63.999,295.881,-1.04848,-0.785179,1.3098917407331798
4,49,63.999,295.229,-1.9119,-0.27277,1.931259972893344
5,49,0.0,295.692,-1.04244,-1.20763,1.5953217137931772
6,49,11.0762,295.754,-1.5453,-1.42471,2.1018445884746093
7,49,131.18,296.584,0.803209,-2.3513,2.4847044869925683
8,49,296.552,296.973,1.2864,-2.2783,2.6163860284751563
9,49,521.145,298.632,0.41832,0.209234,0.4677290766629759
10,49,691.35,300.638,1.06381,1.63763,1.9528245525392185
11,49,700.46,301.16,-1.92017,0.834824,2.0937965373636476
12,49,727.185,301.881,-0.503288,1.32744,1.4196463519285358
13,49,585.549,302.406,0.901234,1.02592,1.3655528437801299
14,49,799.757,302.463,-1.68036,5.21351,5.477617753156933
15,49,688.619,301.953,5.10602,3.32194,6.091529003788787
16,49,500.735,301.607,2.15267,2.61112,3.384070889224988
17,49,365.991,301.389,0.989594,2.05264,2.278733695374692
18,49,234.293,300.665,0.562222,1.8913,1.9730963654327682
19,49,84.3475,299.581,-1.16805,1.48494,1.8892822992078235
20,49,8.85547,299.294,-1.36832,-1.83623,2.2899869509016857
21,49,0.0,298.253,-0.952762,-3.301,3.4357468516530725
22,49,63.999,297.261,2.04427,-0.812409,2.1997836748600985
23,49,63.999,296.863,1.17368,-3.89042,4.063605851802067
24,49,63.999,296.407,-1.86771,-3.84707,4.276480822943089
1,50,47.1885,297.115,-1.58612,1.42449,2.131888462021407
2,50,43.4697,296.247,-0.613741,-0.264782,0.6684216652720048
3,50,42.5996,294.944,0.703474,-0.533714,0.8830211223249419
4,50,41.9824,294.703,,-0.780582,0.780582
5,50,0.0,294.175,,-1.30187,1.30187
6,50,9.87109,295.157,0.930778,-0.470611,1.0429872475754438
7,50,64.1328,295.79,2.39452,-0.563214,2.459865045118532
8,50,193.654,297.145,2.1863,-2.1406,3.059750978429454
9,50,434.161,298.645,-1.72182,-2.08862,2.7068427395768673
10,50,620.46,300.236,1.25913,-1.73689,2.145272763310065
11,50,751.507,301.611,1.67944,-0.162735,1.6873059573844336
12,50,823.779,303.331,0.741341,4.52764,4.587930955003682
13,50,848.361,304.77,1.57213,7.30034,7.467700908077399
14,50,733.288,303.861,0.99151,6.74965,6.822086719076503
15,50,598.9,303.872,1.91119,5.53386,5.854592531995714
16,50,532.86,303.498,1.01497,3.55936,3.7012440760506458
17,50,287.741,301.122,-0.196442,-1.71006,1.7213060921765193
18,50,154.863,301.481,-1.4285,-1.35381,1.9680990234487694
19,50,38.7381,300.832,1.08536,-0.235761,1.1106707787283323
20,50,4.85938,300.633,-2.87125,1.07393,3.0655182608165945
21,50,0.0,299.316,-1.48548,-0.69651,1.640663588460474
22,50,49.2676,297.953,0.837236,-1.08682,1.3719117435520405
23,50,42.9873,297.13,2.44175,-0.905072,2.6040926227160197
24,50,45.4541,296.599,0.788536,-2.80898,2.91756022451911
1,51,49.7295,297.056,,-2.16438,2.16438
2,51,43.8154,296.728,0.60745,-0.195446,0.6381180466152012
3,51,42.7744,296.147,,-0.714867,0.714867
4,51,44.8555,296.031,,-0.544254,0.544254
5,51,0.0,296.069,1.54057,-0.795033,1.7336185843457608
6,51,18.9004,296.492,1.69738,-0.951079,1.9456747232363893
7,51,118.383,296.868,,-1.12327,1.12327
8,51,232.677,297.813,0.464619,-2.85496,2.8925192163166353
9,51,479.739,299.753,1.0941,-0.618891,1.2570126808751771
10,51,663.1,301.503,-1.18033,-1.39021,1.8236948080750792
11,51,765.491,302.791,-3.99585,-2.95961,4.972535427184003
12,51,815.232,304.581,-1.39587,-2.36006,2.7419584716950034
13,51,654.408,305.305,-1.97279,4.32377,4.752566401114244
14,51,353.475,305.192,2.0711,7.11146,7.406910188573911
15,51,638.384,306.07,-1.20941,5.1281,5.268783745619096
16,51,277.531,305.134,-1.71452,4.16874,4.507546119342541
17,51,229.397,303.716,-0.102692,-3.65537,3.656812202419479
18,51,99.6363,302.785,2.0007,3.10419,3.69307406452944
19,51,54.6209,301.83,-0.326746,-0.247479,0.40988877022553327
20,51,2.63281,300.802,-0.936684,1.03291,1.394374405945548
21,51,0.0,299.742,-3.07532,1.46951,3.4083797826093267
22,51,47.1523,299.165,-1.29362,-4.10635,4.305294766551995
23,51,41.4668,298.59,-1.74233,-2.74296,3.2495451051647213
24,51,46.8838,297.791,0.971153,-1.82656,2.0686854722284393
1,52,63.999,299.651,-1.00018,1.26727,1.6144142235808008
2,52,63.999,299.733,-0.113253,-0.863415,0.8708109463218754
3,52,63.999,299.491,-0.0260181,0.556618,0.5572257526816308
4,52,63.999,298.901,-1.7244,1.44842,2.25199375141229
5,52,0.0,298.879,-2.44332,0.819714,2.5771580596067443
6,52,9.71094,298.693,-1.36219,0.536225,1.4639326646827033
7,52,71.5156,298.125,0.653307,1.45095,1.5912466618186507
8,52,216.045,298.138,1.50808,0.256368,1.5297156068446187
9,52,469.489,298.728,-0.859024,1.74683,1.946622018131923
10,52,700.241,299.12,-1.12369,2.3637,2.6172040245460426
11,52,843.257,299.077,-3.03687,2.46812,3.913335627223916
12,52,928.107,299.789,-0.722038,4.29473,4.355002255607224
13,52,872.33,300.077,-2.13295,4.58256,5.054634690667566
14,52,910.757,299.686,3.09893,6.67543,7.359669342422933
15,52,769.244,299.996,-4.90668,1.48357,5.126059750656443
16,52,557.578,300.397,1.5511,1.77421,2.3566358085414896
17,52,440.194,299.893,1.63461,0.421778,1.68814884811263
18,52,304.597,299.944,-0.460239,0.902045,1.0126722664050793
19,52,122.16,300.6,-2.64071,0.331622,2.661451193425121
20,52,10.9336,299.741,-7.02702,-0.531539,7.047094705545045
21,52,0.0,299.793,0.124875,1.71462,1.7191612809812231
22,52,63.999,298.62,-0.527998,1.26962,1.3750333931959615
23,52,63.999,298.452,-1.58218,-0.939252,1.8399695301564098
24,52,63.999,298.539,0.0883408,-0.0999975,0.13343012010370822
1,53,44.2363,295.38,-1.21405,1.17205,1.6874888458890624
2,53,42.001,294.496,3.48636,-2.37025,4.215778826278722
3,53,40.8789,294.397,0.247419,-0.123558,0.276555131800153
4,53,39.7314,294.07,,-0.440739,0.440739
5,53,0.0,293.564,1.50493,-0.0489388,1.5057255098607583
6,53,12.6484,293.832,1.07531,-0.0794973,1.0782445997116286
7,53,94.9766,294.809,1.68505,-0.208722,1.6979276709518576
8,53,252.42,296.059,-0.937725,-0.205546,0.9599881945841835
9,53,482.895,298.052,1.21422,-0.534418,1.3266245916324633
10,53,635.194,300.059,-0.575834,-0.523506,0.7782308960661996
11,53,743.398,301.338,3.09351,-0.532364,3.1389832029808638
12,53,809.857,303.199,-2.06921,1.26543,2.4254779135254974
13,53,731.049,304.09,-1.59193,-1.33248,2.075992310992505
14,53,701.632,304.863,2.25762,-1.42369,2.6690337728286617
15,53,694.275,305.583,4.93561,0.775069,4.996096278782165
16,53,560.016,304.848,3.49544,-3.24337,4.768390687695378
17,53,440.647,304.077,-2.34634,-4.07822,4.705017509425443
18,53,287.699,302.696,4.90109,-3.10381,5.801234325917201
19,53,124.926,301.193,4.97501,-1.95744,5.346241282779894
20,53,10.6875,299.565,0.785484,-2.88994,2.9947851872640214
21,53,0.0,297.441,0.8905,-0.331276,0.9501231700027107
22,53,50.2129,296.224,2.4222,-0.858308,2.569775372063481
23,53,38.3975,295.396,1.11021,-1.31913,1.7241433237988075
24,53,33.6816,294.825,-0.989784,-1.18691,1.5454538863246614
1,54,45.8125,297.354,-0.108582,2.63348,2.6357175419843455
2,54,40.5039,296.737,1.09622,-0.214977,1.1171004426321745
3,54,41.75,296.39,0.72447,0.0029068,0.7244758314714438
4,54,40.8291,296.085,,-0.181461,0.181461
5,54,0.0,295.473,0.854536,-0.268665,0.8957748922139981
6,54,15.9746,295.214,0.362418,0.472749,0.595683157160751
7,54,133.422,295.909,1.80614,0.024188,1.8063019567458816
8,54,320.037,297.457,2.65114,-0.220195,2.6602686213284925
9,54,504.77,299.346,2.22496,-0.515375,2.283869171433644
10,54,651.772,301.103,0.806002,-0.511787,0.9547592143430719
11,54,755.413,302.172,2.58423,-2.64711,3.6993831979128626
12,54,815.076,303.603,0.275032,-0.763866,0.8118705974353303
13,54,857.627,305.053,-2.50599,-1.05953,2.7207700566200006
14,54,760.96,305.599,0.0486393,-1.84606,1.846700653897239
15,54,422.572,305.401,-2.73822,1.58757,3.165158333053814
16,54,479.563,304.795,1.02376,2.04374,2.285816642952798
17,54,125.585,301.196,-1.26187,-8.59678,8.68889764384988
18,54,171.629,299.208,-3.73758,0.334662,3.7525328660311557
19,54,72.1131,299.534,-1.25497,2.25154,2.577669892073071
20,54,7.10547,299.4,-1.76774,0.0358438,1.7681033582905836
21,54,0.0,298.716,2.28064,-3.60081,4.262294155229083
22,54,48.54,298.045,-0.059248,-1.76456,1.7655543942637395
23,54,46.0498,297.487,-1.00747,-5.57695,5.667218639103313
24,54,43.9805,296.576,-2.54545,-2.31484,3.4406104005103515
1,55,44.5713,298.202,-3.11005,0.631035,3.1734234154497885
2,55,41.2051,297.203,0.625029,-2.27552,2.359799254436911
3,55,39.7627,296.614,0.341658,0.8032,0.8728461656924432
4,55,38.0342,296.321,,-0.0911293,0.0911293
5,55,0.0,296.015,,-2.70763,2.70763
6,55,11.8613,295.807,,-3.50381,3.50381
7,55,119.641,296.732,1.91698,-2.08812,2.8346176911181513
8,55,274.029,297.732,2.30544,-1.21775,2.6072914405758327
9,55,455.88,299.518,1.53014,-1.4353,2.0979548397427434
10,55,611.866,301.318,0.270845,-2.13337,2.1504940295022914
11,55,727.366,302.577,0.339111,-3.21791,3.235728826465685
12,55,799.841,304.395,-0.698601,-0.885937,1.1282409871875778
13,55,692.986,305.751,-0.054821,1.3687,1.3697974419749075
14,55,623.21,306.577,1.01934,0.63197,1.1993498724308933
15,55,589.134,305.957,-2.69037,4.17448,4.966323993387866
16,55,531.672,306.066,-1.0778,4.68339,4.805808436891758
17,55,406.85,305.448,2.49399,2.43838,3.4879339363726487
18,55,244.754,304.74,-3.66532,1.5954,3.9974831910090627
19,55,90.2615,303.13,-3.46932,2.21443,4.11580872822098
20,55,9.82031,301.743,-1.9943,1.09444,2.274869535511872
21,55,0.0,301.059,0.817258,-1.65647,1.8471067915699948
22,55,50.3105,299.967,-0.594404,-1.163,1.3060953698777131
23,55,40.6084,299.368,0.260597,-5.5623,5.568401214568595
24,55,45.4561,298.079,-2.16068,-4.10683,4.640537761003567
1,56,47.6445,297.354,-1.46503,2.38299,2.7973119670497963
2,56,43.5713,297.134,0.887236,-2.07435,2.256128463141228
3,56,41.6338,296.57,,-0.768089,0.768089
4,56,41.0098,296.603,,-0.628239,0.628239
5,56,0.0,296.611,,-0.151478,0.151478
6,56,7.97656,296.99,,0.13144,0.13144
7,56,72.1797,297.39,1.27294,-1.06956,1.6626288934094704
8,56,213.998,298.222,1.75515,-3.15428,3.6097138170359155
9,56,420.098,299.504,,-3.1101,3.1101
10,56,621.725,301.096,1.14194,0.328056,1.1881278141412228
11,56,745.851,302.322,-1.59741,1.74156,2.3632075536651453
12,56,819.169,302.103,-0.0711594,4.18535,4.185954883023509
13,56,843.533,301.397,-3.29896,3.877,5.090605669426773
14,56,633.35,301.838,3.58868,2.9142,4.622897985290179
15,56,560.791,302.289,-1.9057,1.79607,2.6186943187206864
16,56,432.281,302.619,-1.97429,3.23319,3.788316061286334
17,56,332.007,301.584,-1.22916,1.53018,1.9627239077363887
18,56,216.996,301.336,1.71164,3.44111,3.843299301602726
19,56,57.0975,300.711,1.26798,3.54842,3.7681637141716653
20,56,5.24609,300.086,-0.314613,2.61788,2.6367170940715274
21,56,0.0,299.302,-0.117801,1.98122,1.984719064250908
22,56,49.1338,298.338,-0.94206,1.58993,1.8480677607977476
23,56,42.2119,298.518,1.64243,0.749225,1.8052463559096303
24,56,44.7861,297.7,-0.261269,0.649026,0.6996400782095034
1,57,47.7568,297.5,,1.16277,1.16277
2,57,41.4141,296.383,-0.348604,-1.27699,1.323717571431308
3,57,41.1514,296.504,1.47301,-0.755882,1.6556316190578144
4,57,43.3984,296.317,,-2.61945,2.61945
5,57,0.0,296.309,0.621138,-2.2423,2.326740575363743
6,57,12.6289,296.461,1.58605,-1.98086,2.5375895929208094
7,57,99.7109,297.371,,-0.718488,0.718488
8,57,209.162,298.381,3.3821,-2.91111,4.4624165921729
9,57,425.38,300.365,-0.40004,-2.69995,2.7294252149674296
10,57,614.085,301.74,0.443697,-3.53425,3.561992432657459
11,57,731.945,302.898,0.00170898,-4.86586,4.8658603001126775
12,57,803.982,304.398,2.42786,-4.33711,4.97041520717334
13,57,827.486,305.648,0.200062,-3.59713,3.6026891401762655
14,57,794.632,306.271,1.83184,5.0558,5.377429815962269
15,57,646.619,305.968,2.00445,4.48112,4.908997479822127
16,57,476.235,305.4,-2.4489,2.49686,3.4973448599759216
17,57,371.022,304.523,1.14389,-6.74033,6.836704823304865
18,57,132.886,303.625,2.18234,-2.21319,3.1081856205349125
19,57,62.1053,302.941,-0.696375,0.906817,1.1433526193235402
20,57,9.10938,300.602,-0.114906,-0.504195,0.5171227966943635
21,57,0.0,300.057,-2.14368,-2.06565,2.9769571486502793
22,57,46.2266,299.529,-0.155928,0.313567,0.3501968084848861
23,57,41.8652,298.432,-1.50796,-3.19023,3.5286698364256184
24,57,41.1738,297.498,-0.99369,-2.97597,3.137485817816552
1,58,63.999,297.496,-2.23602,-3.44563,4.107572462817911
2,58,63.999,297.411,-2.91159,-4.16859,5.084731941430148
3,58,63.999,297.036,0.270369,-2.7759,2.7890357126005036
4,58,63.999,296.646,-1.32254,2.22772,2.5907235379329845
5,58,0.0,296.538,-2.09664,1.66346,2.67637786218613
6,58,8.31055,296.678,-1.57362,-2.65616,3.0873072166533735
7,58,77.3203,297.143,,-1.91722,1.91722
8,58,171.365,297.889,2.71901,-1.48631,3.098730836358653
9,58,354.255,299.35,,1.48365,1.48365
10,58,564.772,300.743,,2.09515,2.09515
11,58,738.648,301.104,0.344971,0.700546,0.7808775121342655
12,58,844.857,302.851,0.683723,5.08672,5.132465050940824
13,58,869.674,303.944,1.23815,4.50639,4.673389161475855
14,58,830.96,302.751,-0.171087,5.56215,5.564780623175454
15,58,712.275,301.324,2.63971,3.9738,4.770655649289729
16,58,537.953,301.217,5.80013,3.54081,6.795501708704075
17,58,389.257,300.318,4.22934,3.16592,5.283026242789259
18,58,275.48,300.279,4.87521,3.06415,5.758184415820668
19,58,117.91,299.72,0.385656,2.59334,2.6218586739059755
20,58,8.70703,298.913,1.49837,2.42452,2.8501596248806838
21,58,0.0,298.056,2.15173,2.71072,3.4609167732408705
22,58,63.999,297.428,1.74446,1.98154,2.6400078528671087
23,58,63.999,297.39,1.72495,2.14376,2.751573993208251
24,58,63.999,296.695,-0.487831,-0.600974,0.7740470484647558
1,59,44.5156,297.478,1.54132,-3.2718,3.616675625819932
2,59,40.7998,297.117,2.40579,-4.4098,5.023361580067674
3,59,38.3672,296.117,-1.44057,-2.06155,2.5150010591250256
4,59,39.041,295.803,-1.32889,-2.05158,2.444366815455487
5,59,0.0,296.181,-2.59224,-3.35265,4.237920508940676
6,59,11.3496,296.369,-1.40125,-2.52774,2.8901507002403872
7,59,136.078,297.201,1.05712,-1.05931,1.496542806103454
8,59,312.295,298.233,2.37185,-1.51463,2.814209739767098
9,59,486.864,299.931,1.33385,0.753668,1.5320480660618974
10,59,637.506,301.798,1.3812,2.19524,2.5936060027691177
11,59,750.523,302.73,-0.701416,2.54967,2.644390575152619
12,59,607.638,303.616,2.35853,2.13457,3.181045872948078
13,59,650.392,304.166,-1.56166,5.80864,6.014904870835448
14,59,701.054,304.623,-3.09296,4.29847,5.295587399193786
15,59,618.166,303.878,2.00543,4.68132,5.092789650800434
16,59,440.219,303.672,-0.0582714,-1.03243,1.0340731410098416
17,59,378.319,303.424,4.31186,2.58193,5.025783439872832
18,59,276.168,302.64,0.419155,3.14521,3.1730169961922674
19,59,115.262,301.228,2.54532,3.0074,3.9399376470193026
20,59,10.5781,299.687,-1.05827,0.0329142,1.0587817232374386
21,59,0.0,298.649,0.864133,-2.44944,2.597399113592095
22,59,47.9131,298.009,0.943682,-3.7294,3.8469416524200106
23,59,42.6787,297.901,1.93247,-4.76445,5.141441831179265
24,59,45.4639,297.171,0.849083,-4.69375,4.7699298740536005
1,60,46.3857,297.477,-0.599792,1.72625,1.8274817388318825
2,60,42.0723,296.552,-0.953585,0.733265,1.2029139256197843
3,60,42.2627,295.744,2.40904,0.528786,2.466391768433393
4,60,42.7168,295.284,,-1.82111,1.82111
5,60,0.0,295.034,,-0.171009,0.171009
6,60,11.043,295.666,1.05236,0.0874949,1.0559909692445337
7,60,78.0156,296.625,1.28514,-0.439191,1.3581139694742117
8,60,190.068,297.603,2.27224,-2.38523,3.294297614135675
9,60,404.833,299.393,,-1.75414,1.75414
10,60,606.053,301.227,2.18588,-1.28962,2.5379501805197044
11,60,743.71,302.62,1.87036,-2.20277,2.8897131695896743
12,60,821.873,304.245,1.80775,-0.850292,1.997737857618962
13,60,846.314,305.59,2.86315,-2.18599,3.602246549391088
14,60,797.272,306.518,-2.25995,-0.00865459,2.259966571528895
15,60,602.931,306.403,-1.97162,5.12712,5.493145266493505
16,60,395.906,304.462,0.89583,4.02323,4.121758243977927
17,60,267.272,301.891,-3.62515,0.399317,3.6470764440835346
18,60,62.3941,299.316,4.0881,-3.89678,5.647783280048907
19,60,40.7147,299.606,1.57511,2.52108,2.9726782332603707
20,60,6.07422,299.752,-1.8483,2.72334,3.2913209575488076
21,60,0.0,298.588,-1.91175,-2.05491,2.8066783161951423
22,60,48.4951,297.803,1.0638,-0.672761,1.258680977500256
23,60,43.5996,297.492,-0.908348,-4.18144,4.278964426435911
24,60,46.25,296.898,-1.90482,-3.91054,4.3497887677449345
1,61,44.3955,296.5,0.863098,-0.131172,0.8730087348864272
2,61,41.3848,296.292,5.25393,-0.276989,5.261226411305733
3,61,41.8516,295.917,0.75279,-1.10012,1.3330254305526206
4,61,41.2012,294.958,1.43429,-1.2342,1.8922043875068042
5,61,0.0,294.916,1.96489,0.630749,2.0636465329849973
6,61,12.5469,294.958,1.28673,0.738374,1.4835330319126703
7,61,136.641,295.75,1.15526,0.0813169,1.1581183470723577
8,61,312.029,297.125,-0.050518,-1.15428,1.155384951747252
9,61,486.317,299.042,-0.982559,-1.92993,2.1656527868938267
10,61,637.413,300.875,-1.80728,-1.36286,2.2635477414890106
11,61,755.382,302.208,-2.52515,-1.65883,3.021274481307516
12,61,826.763,303.708,5.42933,0.61504,5.464055128793999
13,61,849.689,304.709,6.34752,-1.03951,6.432075185389238
14,61,811.491,304.875,3.24493,-2.08239,3.8556346840695372
15,61,705.775,304.583,0.0557241,-3.80013,3.8005385397625964
16,61,515.938,303.958,0.474932,-4.22775,4.254342542288292
17,61,458.679,303.458,-0.703278,-2.6583,2.749756141057603
18,61,289.496,302.417,6.35275,-3.08428,7.061884711668692
19,61,123.332,300.75,6.03995,0.16463,6.0421932308889295
20,61,12.9492,298.792,1.53988,-1.24443,1.9798576815771378
21,61,0.0,298.0,1.7782,0.0622787,1.779290273247648
22,61,47.2285,296.708,2.94954,-2.63468,3.954911492562128
23,61,38.2256,296.541,3.82993,-0.957807,3.9478801975426
24,61,31.5684,296.083,-3.84916,-3.80703,5.413825830824261
1,62,44.834,297.734,-1.633,0.886894,1.8582975992117086
2,62,40.4336,297.199,2.12747,-0.259411,2.143227161973504
3,62,40.71,296.586,0.318708,-1.0386,1.0863999030117777
4,62,42.3398,296.031,,-1.61945,1.61945
5,62,0.0,295.727,2.06791,-1.76574,2.719207516115679
6,62,11.3887,296.175,0.253531,0.294038,0.38824774745644053
7,62,99.3438,296.561,2.85985,-0.397199,2.887301346950297
8,62,265.834,297.74,0.140888,-1.41697,1.4239569549126128
9,62,471.411,299.119,1.8983,-3.50219,3.9835759922587144
10,62,627.444,300.686,-3.069,-1.06696,3.2491790719503286
11,62,754.851,301.936,-1.84937,-3.06898,3.583128191580647
12,62,833.576,303.561,-3.44421,-0.751171,3.5251723922867946
13,62,852.564,304.936,-1.73841,-2.6982,3.2097278028050913
14,62,804.194,305.428,0.91778,-2.20885,2.391931949470971
15,62,585.259,305.421,0.786681,-3.40657,3.4962245580999225
16,62,545.797,304.871,0.795244,-4.94259,5.006157101773375
17,62,343.319,304.207,-2.09293,-6.79307,7.108175293969614
18,62,231.222,303.474,0.828823,-2.5169,2.649855312149892
19,62,110.488,302.834,0.335363,-4.49553,4.508021553039536
20,62,10.4297,301.146,0.981773,-1.38017,1.6937377165396654
21,62,0.0,299.979,0.906613,-1.27757,1.5665670227184665
22,62,50.5449,298.993,-0.753584,-0.915925,1.18608914111925
23,62,32.0684,298.321,-1.47866,-0.730268,1.649159406310985
24,62,35.3057,297.216,-1.87162,0.530862,1.945450047532447
1,63,39.5186,295.955,2.45782,-0.996407,2.652113508515237
2,63,34.6592,295.911,2.68851,-1.02748,2.878159337232739
3,63,31.8594,295.875,4.02379,1.39207,4.257786378976757
4,63,33.6992,295.285,4.28927,,4.28927
5,63,0.0,294.709,2.5894,,2.5894
6,63,15.1602,295.318,1.484,,1.484
7,63,116.672,296.139,3.4536,,3.4536
8,63,304.513,297.5,9.20485,-0.629863,9.226374744246463
9,63,459.02,298.519,5.02086,-3.57495,6.163546271595599
10,63,578.553,299.461,-2.569,-0.916084,2.7274476887845163
11,63,670.851,300.438,5.41431,-2.13295,5.819297936916446
12,63,748.076,302.264,4.36292,-1.46455,4.602170969107949
13,63,816.642,303.014,3.41295,,3.41295
14,63,801.288,303.528,4.5003,1.70082,4.810975863834696
15,63,725.9,303.975,4.56256,-0.0393839,4.562729977237225
16,63,610.344,303.975,5.25228,3.44315,6.2802648925741975
17,63,460.679,303.389,6.43735,4.52529,7.868781646900618
18,63,291.8,302.852,2.73654,,2.73654
19,63,123.168,301.019,3.72355,3.65291,5.216184052600138
20,63,11.3594,299.057,5.24203,1.51143,5.455575053630918
21,63,0.0,298.307,1.31091,-2.47581,2.8014496576237096
22,63,46.4756,296.967,1.79427,0.530364,1.8710133097859032
23,63,38.2656,295.68,-0.199852,-0.694135,0.7223324858602166
24,63,40.6475,295.443,-0.108925,-4.1,4.101446654002097
1,64,40.4805,297.095,4.65265,-0.859688,4.731407346640532
2,64,36.3477,296.861,4.98977,-2.29847,5.49370266703614
3,64,34.8096,296.323,4.73472,-3.64748,5.976761985289358
4,64,37.6367,296.076,4.98068,-0.721012,5.032596900859834
5,64,0.0,295.965,6.04497,-1.26183,6.175263334449795
6,64,19.6816,295.806,1.77013,-1.51846,2.3321837381518633
7,64,152.578,296.411,6.83592,-0.906476,6.8957596379931925
8,64,288.685,296.93,3.06862,-2.54539,3.986908445964116
9,64,466.442,298.433,-1.77699,-5.56079,5.837814564047063
10,64,575.163,299.433,1.63217,-2.78767,3.2303378983939126
11,64,682.085,300.288,2.99341,-3.95082,4.956761251109438
12,64,796.513,301.526,2.68275,-3.76777,4.625282514117381
13,64,822.252,302.506,5.69909,-2.84175,6.368294111502704
14,64,787.179,303.005,3.1463,-3.13414,4.440950036827705
15,64,706.587,303.368,2.88824,-3.37727,4.443859015596693
16,64,587.406,303.369,1.77474,-2.46993,3.041423395796777
17,64,437.882,302.993,2.38998,-4.18174,4.816529230472913
18,64,276.863,302.197,3.34835,-4.94952,5.975717191509316
19,64,117.715,300.715,3.95597,-3.89299,5.550231506973381
20,64,11.5586,299.21,3.45931,-2.97392,4.561910328195854
21,64,0.0,298.355,3.68933,-2.58225,4.503240045944698
22,64,48.0869,297.923,3.52864,-1.8544,3.986238779802334
23,64,40.5996,297.228,0.829445,-1.53984,1.749024366218207
24,64,41.9131,296.629,0.340294,1.05528,1.108790279915909
1,65,37.6309,297.227,3.18048,,3.18048
2,65,34.3652,296.759,3.7056,-2.63295,4.545755939610045
3,65,30.7441,296.384,1.6815,-2.28127,2.8340139489600262
4,65,35.3223,295.535,2.21799,-2.25129,3.160345915275731
5,65,0.0,295.137,5.85747,-1.65245,6.086094462247526
6,65,19.666,295.285,8.17687,-2.15811,8.456869501712793
7,65,125.781,296.041,6.86962,-3.81028,7.855565709915487
8,65,234.537,297.352,-1.53196,,1.53196
9,65,389.395,298.352,6.97984,-4.82348,8.484345922697873
10,65,545.975,299.609,-1.97427,-4.72956,5.125083397028774
11,65,631.038,300.602,5.94849,-3.19887,6.754058228724416
12,65,782.529,301.734,5.58167,-3.42353,6.5479460634461555
13,65,835.939,302.734,6.03991,-2.62935,6.587411800593614
14,65,806.007,303.352,2.63262,-2.13951,3.3923724890554103
15,65,725.9,303.734,0.862853,-2.2845,2.4420187447292454
16,65,599.516,303.734,3.48372,-2.28634,4.1669719982260505
17,65,433.882,303.432,1.24985,-2.74619,3.0172312703205235
18,65,278.347,302.951,1.07492,-1.9046,2.186996608685071
19,65,115.59,301.259,2.94718,-3.15959,4.320749809986688
20,65,10.6758,299.567,5.02962,-2.12724,5.4609731149310745
21,65,0.0,297.827,2.47595,-2.07151,3.228232036672705
22,65,47.8965,296.863,0.665361,-2.04874,2.154075404418564
23,65,39.7295,296.901,1.00327,-4.35429,4.468376897375601
24,65,39.5342,295.232,-2.17338,0.240823,2.1866815821534233
1,66,38.1455,296.27,4.69904,0.651054,4.743927511304952
2,66,33.4043,295.415,2.68509,0.462757,2.7246747235494
3,66,32.8271,295.026,2.1981,,2.1981
4,66,33.3916,294.848,4.52658,,4.52658
5,66,0.0,294.013,3.24418,,3.24418
6,66,16.6426,294.711,-0.0638514,-1.11856,1.1203809507850264
7,66,114.766,295.788,0.430162,,0.430162
8,66,248.49,296.855,3.2195,-2.18357,3.8901360123908266
9,66,425.645,298.634,3.6151,-1.93579,4.100759799610311
10,66,542.803,299.759,2.43588,-1.02937,2.6444496537654105
11,66,695.101,300.437,5.34595,-2.08705,5.73889877110583
12,66,808.841,301.437,4.6847,-1.07734,4.806981960190823
13,66,835.517,302.547,4.46764,1.82866,4.8274014298792265
14,66,804.85,303.216,4.28936,1.37318,4.503802007415513
15,66,727.728,303.312,3.97027,1.98991,4.441034303064996
16,66,607.391,303.509,3.08626,1.51054,3.4360925306516408
17,66,455.257,303.062,4.63608,4.42373,6.408012552991762
18,66,288.988,302.046,4.53195,1.80732,4.879034370128991
19,66,121.855,300.355,4.45157,-1.96916,4.867655140876354
20,66,13.043,298.632,3.55062,-3.37822,4.900946107926509
21,66,0.0,296.987,1.52185,-2.3635,2.811078026754149
22,66,32.4648,295.907,2.15267,-0.439363,2.197049834361752
23,66,31.5801,295.418,3.41538,-1.14238,3.60136815790888
24,66,33.6592,295.031,-0.40873,-0.20449,0.45702994759643484
1,67,37.373,295.303,-0.326355,-1.07307,1.1216001118602832
2,67,36.6748,295.084,-1.22116,,1.22116
3,67,35.8047,294.538,0.641951,,0.641951
4,67,34.9385,294.092,1.10031,0.536312,1.2240558228463274
5,67,0.0,293.507,1.335,-0.506947,1.4280126963052535
6,67,21.0977,294.058,1.17736,-1.46963,1.8830796336055466
7,67,137.211,294.985,0.821764,-1.35081,1.5811336843530974
8,67,291.654,297.291,3.60427,0.922383,3.7204237166738143
9,67,442.755,298.307,4.71519,-2.36157,5.273521555943428
10,67,545.303,298.975,2.8646,-1.14314,3.0842668852743595
11,67,638.445,299.969,2.04858,,2.04858
12,67,725.419,301.457,5.56214,,5.56214
13,67,834.861,302.383,5.91198,2.88725,6.57934039877099
14,67,812.35,303.332,3.03155,3.70765,4.789255049065564
15,67,711.9,303.347,8.14557,-1.51888,8.285970497129469
16,67,624.36,303.133,5.84114,3.72343,6.926965242045033
17,67,474.491,302.472,6.56967,2.64248,7.08119089273125
18,67,298.636,301.648,4.56564,6.02412,7.558775719916552
19,67,111.613,299.911,6.45157,-0.126386,6.45280782961154
20,67,11.4453,298.237,4.34359,0.548539,4.378089665895503
21,67,0.0,297.247,-1.30188,-5.04807,5.213242969524823
22,67,30.8779,296.525,-2.12468,-1.16788,2.424501762589584
23,67,30.3271,295.235,-0.0226059,,0.0226059
24,67,39.4365,294.891,-2.73295,-6.05312,6.641481569416571
1,68,35.6318,296.557,4.68488,-0.533028,4.715105456210285
2,68,29.5156,295.938,4.03616,-0.931774,4.142317024646472
3,68,31.3799,295.443,3.3275,0.0439224,3.3277898712541574
4,68,31.166,295.614,4.30929,,4.30929
5,68,0.0,295.197,3.96049,-0.702259,4.022269103774758
6,68,14.1328,295.311,2.79064,-1.53848,3.186627107146363
7,68,119.055,296.005,2.5952,-4.00267,4.770370024316772
8,68,258.662,297.237,6.58034,-2.71824,7.119670161826318
9,68,427.473,298.265,3.51158,-2.09643,4.089769289495435
10,68,578.131,299.455,4.07944,-1.98396,4.53629011365014
11,68,663.398,300.454,3.78687,-3.23549,4.98084128807574
12,68,790.779,301.433,4.50062,-1.72383,4.819457464621926
13,68,832.064,302.433,3.75182,-2.10152,4.300295294837321
14,68,796.741,302.955,4.99883,-2.65026,5.657930667346499
15,68,722.681,303.162,4.90729,-1.95247,5.281442439807519
16,68,596.156,302.983,4.7845,-0.838097,4.857349774456129
17,68,443.46,302.515,5.79135,-0.566504,5.818991459395348
18,68,274.722,301.829,3.38058,-1.38018,3.6514679197276267
19,68,112.691,300.183,4.67618,-2.37639,5.245368321147715
20,68,10.7656,298.629,4.65853,-1.92021,5.038760582226546
21,68,0.0,297.033,1.27527,-1.19749,1.749370136077554
22,68,35.6416,296.5,2.01692,-1.32999,2.4159552327185203
23,68,31.1045,296.147,2.10386,-2.51933,3.2822630224435096
24,68,39.1406,295.385,1.65475,-0.894919,1.8812436256532539
1,69,40.7012,295.252,4.64825,-0.60627,4.687621078478934
2,69,36.1289,293.644,3.34329,-1.39076,3.6210221487447436
3,69,34.8662,293.758,3.9022,,3.9022
4,69,33.9219,294.136,5.05783,,5.05783
5,69,0.0,294.136,4.44487,-0.911243,4.53731562952689
6,69,17.0234,294.013,4.37658,-1.64493,4.675494326945548
7,69,116.883,294.763,4.21483,,4.21483
8,69,255.943,296.015,8.22097,,8.22097
9,69,444.536,297.513,-2.52553,-0.917231,2.6869340312447196
10,69,606.694,298.513,-2.3356,-0.627022,2.418301872902554
11,69,713.866,299.513,6.53296,,6.53296
12,69,785.623,300.511,6.41566,0.25127,6.4205786225619885
13,69,826.471,301.511,6.02916,,6.02916
14,69,812.475,301.638,4.79913,-0.161975,4.801862623766428
15,69,733.869,302.138,4.7818,1.6071,5.0446389018442135
16,69,623.891,302.511,4.99251,1.07694,5.1073433273767685
17,69,468.538,301.763,4.62143,2.91006,5.461324422564548
18,69,289.254,301.009,5.16378,0.822944,5.228944512570008
19,69,118.308,299.138,4.56779,,4.56779
20,69,9.35547,298.117,-0.220863,0.26143,0.34223692037680564
21,69,0.0,296.509,-2.90882,0.746849,3.003167864306123
22,69,45.3184,295.009,-0.205732,,0.205732
23,69,40.4736,294.377,0.435402,-0.30058,0.5290777239725747
24,69,38.5332,294.63,-3.5181,,3.5181
1,70,38.5908,295.625,2.22931,-2.44709,3.310297953991453
2,70,34.1328,296.363,3.95608,-0.997204,4.079826562982304
3,70,32.2305,295.927,4.63218,,4.63218
4,70,29.1182,295.267,3.47043,-2.04914,4.030243060226021
5,70,0.0,294.693,2.99272,-1.40831,3.307523250787513
6,70,20.9375,295.359,3.78136,-1.57022,4.0944198976167545
7,70,143.664,296.269,0.341295,-1.05833,1.1120002994266684
8,70,280.107,296.644,-0.505596,-0.924785,1.0539708778903714
9,70,449.145,298.018,3.40172,-3.8269,5.120240479547811
10,70,594.381,299.832,3.00424,-3.64558,4.723950837381778
11,70,681.679,300.625,4.86157,,4.86157
12,70,777.279,301.688,4.22083,,4.22083
13,70,823.455,302.688,3.26451,3.02055,4.447555265828632
14,70,798.569,303.353,5.1336,0.898572,5.211648549085405
15,70,721.322,303.799,3.13531,-2.00716,3.7227489925725585
16,70,605.828,303.704,2.03353,1.63065,2.6065808415240066
17,70,453.694,303.082,4.00278,0.959864,4.116258814372099
18,70,283.675,302.142,5.15451,1.12177,5.275162677396784
19,70,122.238,300.228,3.77677,-1.29435,3.9924094924493905
20,70,12.1211,298.169,2.91683,-2.02666,3.551795039765105
21,70,0.0,297.007,0.703977,-2.21214,2.3214536385913465
22,70,30.2969,296.956,-0.803389,2.30575,2.441703697794022
23,70,35.0664,294.954,-0.0797348,-0.981244,0.984478250581007
24,70,38.4326,293.727,-0.68119,-5.10097,5.146252496428834
1,71,38.668,294.863,1.4256,-0.402657,1.4813736934511157
2,71,33.2764,294.675,2.16018,1.23473,2.4881591197710806
3,71,31.6152,294.428,2.17857,1.66209,2.7402026226175322
4,71,31.0693,294.155,3.31955,2.19207,3.978012454404838
5,71,0.0,293.614,2.76616,0.0628777,2.76687454554002
6,71,19.666,294.46,5.61584,-1.16788,5.7359918584321585
7,71,142.188,295.829,0.893053,-0.284894,0.9373943951427275
8,71,308.045,297.096,4.60476,-1.80223,4.944880952105925
9,71,460.27,299.067,4.53551,-4.10961,6.120436692932948
10,71,614.522,300.21,5.31674,-2.69343,5.960057834660668
11,71,722.054,300.849,4.83521,-2.33998,5.371662884480001
12,71,776.435,301.974,4.28382,-1.43867,4.5189473510210325
13,71,827.517,303.21,3.36217,-0.124469,3.3644731594799504
14,71,798.522,303.598,5.2459,-0.130725,5.247528545479767
15,71,721.431,303.716,4.35309,-1.46419,4.592738279523448
16,71,599.735,303.542,3.52181,-0.361534,3.5403181367295224
17,71,447.554,302.784,5.93735,1.84072,6.216138281996307
18,71,281.386,302.21,3.15695,0.149116,3.160469725207948
19,71,113.441,300.724,4.46964,3.52303,5.691170539572681
20,71,10.5586,299.02,4.66683,-2.51494,5.301341853955468
21,71,0.0,296.976,2.35388,-2.43967,3.390094506544029
22,71,34.7861,295.533,1.57356,-4.59268,4.854770916943456
23,71,35.0098,295.313,0.2938,-0.213666,0.3632789555644533
24,71,38.2275,295.313,1.28463,-3.91738,4.12263754182926
1,72,36.0557,294.5,-1.59003,,1.59003
2,72,36.8643,294.505,-1.3154,,1.3154
3,72,34.8857,294.182,0.267927,-1.32766,1.3544245836992919
4,72,31.7168,294.027,0.508512,-1.17756,1.282665976684499
5,72,0.0,293.832,0.456099,-1.14171,1.2294421588269209
6,72,23.1738,294.53,0.606071,,0.606071
7,72,140.477,295.263,-0.474623,-1.87913,1.938142551266289
8,72,239.459,295.366,-1.99778,,1.99778
9,72,294.005,295.746,-1.0807,,1.0807
10,72,457.616,297.159,,,0.0
11,72,632.304,297.077,-1.68481,,1.68481
12,72,709.435,297.383,-3.73864,,3.73864
13,72,772.127,299.25,-2.98256,1.44047,3.3121923214843667
14,72,662.054,297.936,-3.41376,4.29506,5.486464958532042
15,72,306.337,299.129,-2.00775,1.72868,2.649414011607095
16,72,494.688,299.741,-1.29265,,1.29265
17,72,316.022,298.948,-0.938141,3.43838,3.5640658748515017
18,72,213.332,297.31,-3.45487,,3.45487
19,72,82.8397,296.807,-2.22372,,2.22372
20,72,5.64453,296.211,0.321617,-0.265914,0.4173101365711118
21,72,0.0,296.0,-5.18372,,5.18372
22,72,40.7822,296.095,-0.182295,,0.182295
23,72,32.0742,295.971,-2.07436,,2.07436
24,72,41.6025,294.751,-1.3433,,1.3433
1,73,39.3203,296.904,1.94122,-2.14045,2.889612654128577
2,73,34.5498,297.0,4.06155,-2.5597,4.80085955767298
3,73,31.1816,296.404,3.53892,-0.894066,3.650110789928985
4,73,33.7695,295.995,3.8049,-0.264957,3.8141140808645195
5,73,0.0,295.631,5.2725,-1.32482,5.436396258772901
6,73,16.3438,295.804,6.7174,-3.78799,7.71183058683864
7,73,115.906,296.409,7.28319,-1.90257,7.52759119380164
8,73,222.092,297.512,2.7239,-2.21189,3.508858586791437
9,73,393.442,298.785,0.981796,-4.70532,4.806657850109159
10,73,587.194,299.784,2.34995,-2.55964,3.4747693350926188
11,73,679.398,300.55,6.04614,-2.63197,6.5941697718894074
12,73,757.216,301.812,6.69447,-4.71357,8.187409280462287
13,73,828.642,302.931,-3.83314,-2.17427,4.406859686046289
14,73,807.96,303.285,3.9588,-1.20104,4.1369789123948895
15,73,729.119,303.563,2.71832,-0.980302,2.889680887849729
16,73,600.813,303.806,3.20345,-1.48946,3.5327868594213268
17,73,447.694,303.431,3.51401,-1.8751,3.9829971491453517
18,73,277.996,302.806,3.60519,-0.528619,3.643738874186925
19,73,114.199,301.188,2.88077,-2.93693,4.1139267880943144
20,73,10.0117,299.401,3.63509,-3.85087,5.295571646668564
21,73,0.0,297.983,3.05359,-3.98948,5.023978757767592
22,73,47.3828,297.341,2.81478,-3.70401,4.65216901332056
23,73,39.3926,297.143,3.09361,-0.468549,3.1288913367998257
24,73,40.0322,295.416,0.686974,-3.5414,3.6074155896813442
1,74,40.4121,296.457,4.98322,,4.98322
2,74,36.2773,295.677,5.03323,,5.03323
3,74,34.0771,295.177,5.93736,,5.93736
4,74,35.5869,295.109,7.19504,,7.19504
5,74,0.0,294.984,8.2686,,8.2686
6,74,21.9258,295.066,10.5489,-1.77823,10.697728410410315
7,74,121.18,295.619,4.46825,,4.46825
8,74,245.818,296.801,,-2.72947,2.72947
9,74,474.348,297.942,0.963242,-0.906,1.3223733022728492
10,74,610.491,298.868,,-1.0323,1.0323
11,74,641.366,299.786,6.07251,-4.09096,7.321975923321518
12,74,744.654,301.067,-5.2362,-1.50654,5.448619385826102
13,74,793.017,302.024,7.90709,,7.90709
14,74,796.507,302.545,5.49249,,5.49249
15,74,719.994,302.978,4.57379,,4.57379
16,74,598.86,303.228,4.99935,4.53983,6.7530405634351105
17,74,445.725,302.618,5.05356,2.62588,5.695060530670416
18,74,275.886,301.869,-0.792271,4.80146,4.8663858734219785
19,74,112.769,299.978,3.29484,6.73494,7.497692140198876
20,74,8.88281,297.829,3.30013,-1.6497,3.6894942887745468
21,74,0.0,297.128,-1.16516,1.42263,1.8388784469072448
22,74,47.3271,295.932,-0.69206,-1.52725,1.676734804940841
23,74,38.8643,295.627,1.44859,-2.06132,2.519415235823583
24,74,42.1338,294.447,1.01217,-5.13418,5.233000323074708
1,75,63.999,297.488,-0.426941,-2.75666,2.789525582080401
2,75,63.999,297.238,4.47513,-3.19984,5.501432953558554
3,75,63.999,297.113,4.13218,-4.7261,6.277812737124292
4,75,63.999,296.712,-0.446566,-4.22052,4.244079436433299
5,75,0.0,296.105,3.30717,-2.7672,4.312165262243552
6,75,4.16602,296.114,-0.0638514,-2.85196,2.852674682273105
7,75,82.0234,296.994,3.46385,-2.2556,4.133520071621764
8,75,218.607,297.863,2.64821,-2.88328,3.9148843868625294
9,75,381.677,299.486,2.07896,-1.63549,2.6451658212104583
10,75,542.616,301.467,2.62338,-3.44001,4.326175149540296
11,75,672.835,302.849,0.713623,-2.76723,2.85776480120898
12,75,763.263,304.466,0.685188,-2.67988,2.766087382882905
13,75,815.861,305.869,2.37096,-1.15572,2.6376391034408027
14,75,784.319,306.239,2.77325,-1.64879,3.2263639017630976
15,75,671.478,305.692,2.54791,-0.896806,2.7011305725077417
16,75,546.672,305.315,0.704424,-1.86446,1.9930941431292202
17,75,430.679,305.106,3.94662,-3.57822,5.327238289470445
18,75,286.441,304.224,4.39328,-3.15362,5.407978204726791
19,75,128.644,302.376,4.28702,-3.39592,5.469077904619754
20,75,15.6094,300.842,2.71273,-4.51982,5.27140179509208
21,75,0.0,299.514,1.06384,-3.27952,3.4477539030505064
22,75,63.999,298.74,2.77864,-3.48038,4.453525030130627
23,75,63.999,298.002,6.08482,-6.14238,8.646031835287214
24,75,63.999,296.765,5.42233,-6.63808,8.571217458173605
1,76,63.999,297.982,4.07843,-1.99787,4.541483876642083
2,76,63.999,297.587,3.33841,-2.5099,4.1766708438779325
3,76,63.999,296.987,2.86558,-2.4302,3.7573156343858045
4,76,63.999,296.359,-1.90604,-4.20734,4.618949919321491
5,76,0.0,296.345,-1.57417,-3.9757,4.276003002676681
6,76,6.32422,296.378,-1.45741,-3.37881,3.6797283764158464
7,76,102.523,297.551,-0.783705,-3.27903,3.3713841768515493
8,76,266.006,298.451,0.875263,-4.01219,4.106550123311416
9,76,433.692,299.78,-1.79506,-1.30444,2.2189646498310873
10,76,578.788,300.949,1.34995,-1.60847,2.0998906503434887
11,76,696.023,302.158,1.61743,-1.26772,2.055041070952111
12,76,776.248,303.969,1.96937,0.331837,1.9971314407091487
13,76,821.986,304.997,4.67858,2.55131,5.329004928924348
14,76,796.975,303.361,5.87921,4.34242,7.309016464648304
15,76,683.728,303.77,4.87945,4.64372,6.735960788254338
16,76,523.891,304.0,1.59603,2.66874,3.109579545292257
17,76,409.304,303.152,6.57455,-1.85068,6.830060333913604
18,76,292.613,301.505,4.64328,2.95185,5.502133002836263
19,76,134.035,300.715,6.28654,1.30916,6.421408340636811
20,76,13.5547,299.592,2.82406,-3.11943,4.207868630138066
21,76,0.0,298.439,1.96032,-2.95139,3.5430999752335524
22,76,63.999,297.77,2.57845,-5.22452,5.8261491255288
23,76,63.999,297.204,3.40122,-2.13749,4.017108535812793
24,76,63.999,296.984,3.6401,-3.58828,5.111367856885278
1,77,45.6729,293.93,1.38751,-1.5965,2.1151823207704816
2,77,40.9111,293.548,0.97415,-1.39955,1.7052004061106718
3,77,38.8828,293.194,-0.0631275,-1.5635,1.5647738914157052
4,77,38.3184,293.15,,-1.45002,1.45002
5,77,0.0,293.269,0.201704,-2.6715,2.6791037220712455
6,77,7.47656,293.27,-3.50086,-2.14346,4.104928928885371
7,77,101.93,293.964,-1.08986,-2.58128,2.801928132197541
8,77,223.388,294.761,-0.130596,-3.09275,3.095506077803111
9,77,366.817,296.011,-1.30873,-2.72436,3.0224016315671878
10,77,574.21,297.586,-2.62564,-2.47956,3.6113990645177947
11,77,756.491,298.886,-4.26489,-3.76674,5.690133297182062
12,77,842.029,300.361,-3.73327,-3.98652,5.461652369320112
13,77,866.111,301.253,3.36705,-3.81392,5.087534910828622
14,77,802.038,301.785,2.73614,-2.6527,3.8109420606458975
15,77,702.025,301.765,1.54449,-2.29866,2.7693477852555826
16,77,563.063,301.546,0.532549,-2.80001,2.8502042799597715
17,77,422.397,301.392,-0.607574,-3.59385,3.6448462228159917
18,77,269.793,300.683,1.14474,-4.06475,4.222868957249325
19,77,108.324,299.086,2.10685,-3.58732,4.16025019739198
20,77,12.5781,297.913,-0.164711,-3.42802,3.431974771748912
21,77,0.0,297.007,0.628781,-3.8469,3.8979488395771695
22,77,50.1689,295.573,1.43196,-3.8212,4.080695882027967
23,77,39.5176,294.977,0.679543,-6.24003,6.276922262522374
24,77,35.9912,294.2,1.13815,-5.40761,5.526086439298611
1,78,45.6182,296.254,0.754211,-1.6009,1.7696652345912771
2,78,41.2441,295.629,3.20218,-2.84584,4.284012378366803
3,78,38.4785,295.441,2.51011,-3.31008,4.154188466896994
4,78,37.2764,295.321,-0.406038,-3.28254,3.3075573629256985
5,78,0.0,295.004,2.35356,-5.3424,5.837849127341336
6,78,4.79492,295.167,0.153434,-4.98184,4.984202220812876
7,78,83.8828,296.071,0.131334,-3.38841,3.3909542827434285
8,78,216.631,297.042,1.97487,-3.86619,4.341374970329101
9,78,323.645,298.212,2.10435,-2.15161,3.0096037138799523
10,78,464.694,299.808,1.83432,-2.8111,3.3566371672255553
11,78,677.132,301.071,0.747803,-3.07436,3.1640004324287
12,78,762.513,302.45,0.933723,-3.154,3.289309143380871
13,78,792.861,303.7,1.5692,-3.21675,3.579087761217934
14,78,772.725,304.383,2.8001,-3.94664,4.839062646794314
15,78,679.837,304.196,2.24615,-3.00081,3.7483396962655346
16,78,555.672,303.917,2.0345,-1.64571,2.6167826914170766
17,78,446.804,303.85,6.69858,-4.23154,7.923187792044311
18,78,303.418,303.292,1.32101,-3.29815,3.552866566956885
19,78,135.683,301.479,0.213781,-2.35783,2.3675017687133835
20,78,17.5938,299.446,3.37093,-4.76884,5.839948973278791
21,78,0.0,298.204,2.28308,-6.17014,6.578987908941617
22,78,49.7012,297.263,2.26106,-6.47257,6.856132636443085
23,78,28.9873,296.7,2.86167,-7.71171,8.22554717407906
24,78,25.5645,295.888,1.25045,-6.79238,6.906522371418194
1,79,63.999,299.997,-2.00507,-1.81867,2.7070031905780976
2,79,63.999,299.477,-2.22507,-2.80873,3.5832807199269223
3,79,63.999,299.608,-0.955706,-1.31887,1.6287394006826261
4,79,63.999,299.219,-1.12528,-1.29084,1.7124610897769328
5,79,0.0,298.779,-0.142046,-0.220814,0.2625564486201015
6,79,9.86328,299.056,-1.63514,0.3956,1.6823145305203782
7,79,120.219,299.194,0.370104,-0.477765,0.6043478849478998
8,79,304.701,299.333,2.36696,-2.06297,3.1398001309796775
9,79,505.661,300.018,0.0955658,0.532965,0.5414651543309504
10,79,678.678,300.658,-0.779936,1.23724,1.4625535825042444
11,79,814.46,301.395,0.745361,2.03307,2.1653952630457565
12,79,878.826,302.002,3.58997,1.49248,3.8878504538240666
13,79,903.346,303.268,0.68346,2.7437,2.8275443872024364
14,79,815.929,302.157,-2.74824,3.99281,4.847200717290341
15,79,712.197,303.372,5.42535,3.08464,6.240947568446638
16,79,580.281,303.303,-1.49577,3.24686,3.5748325488755412
17,79,443.241,302.183,-0.286285,3.36904,3.3811816903007443
18,79,299.254,301.848,1.58175,1.78583,2.3856072290718773
19,79,121.152,301.186,2.28165,3.28865,4.002642320392868
20,79,11.6367,301.061,3.52425,-0.83818,3.6225521079620098
21,79,0.0,300.981,0.248899,-4.08518,4.092755348735251
22,79,63.999,300.064,2.30696,-3.80753,4.451892759546213
23,79,63.999,300.0,-0.729637,-1.10429,1.323565848709085
24,79,63.999,299.256,-1.27396,-0.572654,1.3967486120687573
1,80,44.9424,296.725,1.15704,0.0153122,1.157141315945827
2,80,40.9746,296.429,2.20901,-0.513317,2.267866733868858
3,80,40.2715,296.446,1.85777,-1.70315,2.5203232521642933
4,80,36.6211,296.179,0.816618,-1.71564,1.9000751478623157
5,80,0.0,295.946,1.93559,-2.04747,2.8175595910290876
6,80,3.42969,296.154,1.97814,-2.4042,3.1133929240621074
7,80,36.4375,296.196,-0.181654,-2.40501,2.411860542364753
8,80,104.959,296.755,2.29714,-3.14402,3.893804558526275
9,80,315.677,298.333,2.78062,-1.96752,3.406315096229355
10,80,498.21,299.672,1.61167,-2.51325,2.985616477613962
11,80,683.945,300.731,1.19507,-1.5851,1.985128286761337
12,80,770.81,302.267,2.52943,-0.811718,2.656483057808576
13,80,803.127,303.689,1.8817,-3.7275,4.175530043000529
14,80,793.554,304.774,2.68585,-1.63024,3.1418899853591307
15,80,708.322,304.867,4.64801,-2.78352,5.417746814913004
16,80,585.922,304.743,6.13313,-1.73556,6.373966748462061
17,80,467.507,304.914,4.76743,-3.42686,5.8712654738565515
18,80,321.855,304.433,1.5256,-4.00909,4.289552189692998
19,80,146.941,303.441,0.58634,-2.40666,2.4770561057836376
20,80,19.1445,301.481,2.90121,-3.92021,4.8769935316955255
21,80,0.0,299.897,0.523313,-2.51585,2.5696999277092645
22,80,50.3164,299.091,-0.790693,-1.70108,1.8758647570251432
23,80,33.4824,298.239,0.00180817,-0.867963,0.8679648834185337
24,80,30.2861,297.371,-4.06596,-1.97597,4.520673419137905
1,81,44.666,295.833,-1.45087,-0.31916,1.4855594442835334
2,81,41.4424,294.957,2.09573,-0.568981,2.1715947161616045
3,81,39.5361,294.071,0.270857,-0.268578,0.3814415506116239
4,81,39.3789,294.042,1.03439,-1.09699,1.507763155207077
5,81,0.0,293.905,-0.794878,-0.859974,1.1710620459907324
6,81,8.15039,294.23,-0.945687,-0.439849,1.0429722166817292
7,81,117.398,295.703,0.499987,-0.301496,0.5838551517157317
8,81,277.42,297.252,-0.777569,-0.116191,0.7862021993367864
9,81,428.942,298.733,-0.932266,0.345953,0.9943859275779199
10,81,567.147,300.348,-0.424467,0.179619,0.46090695292000095
11,81,734.632,302.076,0.0554199,-2.01918,2.019940404496135
12,81,833.341,303.215,-0.513054,-2.54219,2.5934445054822364
13,81,853.236,304.412,3.80651,-1.27877,4.0155660986964214
14,81,799.616,304.86,7.58233,-2.80162,8.083365812166365
15,81,698.275,304.729,-0.37201,-2.90657,2.9302799533491672
16,81,546.125,304.235,0.577471,-3.06173,3.1157123340804427
17,81,414.147,303.808,3.70493,-4.13682,5.553358084735757
18,81,275.464,302.692,4.08859,-5.24346,6.649093243420489
19,81,112.746,301.075,5.77433,-4.03459,7.04420353318954
20,81,11.3867,300.099,2.68099,-3.43095,4.354207767504899
21,81,0.0,298.279,1.45056,-3.45042,3.7429296667183047
22,81,50.1475,297.667,1.597,-4.49991,4.7748925650845795
23,81,43.6328,297.402,2.21226,-5.35917,5.79782695468742
24,81,39.0605,296.944,2.81393,-6.19668,6.805662720654029
1,82,63.999,296.414,1.76154,-1.36848,2.2306413163034526
2,82,63.999,296.024,2.77688,-2.08656,3.4734414012618666
3,82,63.999,295.689,2.36802,-2.37698,3.3552276585650636
4,82,63.999,295.664,1.49972,-2.52814,2.9394985861537677
5,82,0.0,295.586,-0.244097,-3.64318,3.6513482246711284
6,82,3.32031,295.775,-1.48573,-2.51895,2.9244662308530764
7,82,42.7266,296.203,-0.954603,-1.77171,2.0125166363806786
8,82,170.701,297.202,2.52761,-3.19725,4.075686429866753
9,82,307.833,298.367,2.98375,-2.22241,3.720466404982042
10,82,515.694,300.468,1.97202,-2.21882,2.9685055285109376
11,82,689.96,301.852,0.41333,-3.10609,3.1334704046791315
12,82,767.716,303.006,1.02845,-2.80781,2.9902351744637077
13,82,793.752,304.296,1.59166,-0.532184,1.6782733285898337
14,82,785.632,305.195,2.52862,-4.32213,5.0074671083592746
15,82,680.228,304.774,1.01178,-2.44563,2.6466591894877585
16,82,519.328,304.446,3.2972,-3.41817,4.749254045521254
17,82,451.647,304.196,2.71176,-4.19736,4.997146512480898
18,82,309.043,303.267,2.13009,-3.22686,3.8665112010312344
19,82,140.051,301.835,2.47843,-3.51799,4.303355540157007
20,82,18.332,299.782,0.364098,-4.99931,5.012551030134656
21,82,0.0,298.391,0.488645,-5.10178,5.125127618354981
22,82,63.999,297.351,1.12239,-4.63272,4.766744582049682
23,82,63.999,296.711,1.7147,-5.99882,6.239073447427912
24,82,63.999,295.858,1.14205,-4.96035,5.090122820227426
1,83,45.541,296.541,0.159485,-1.00373,1.016321493487666
2,83,41.3682,296.528,0.650908,0.113148,0.660669126240965
3,83,41.0195,296.418,0.458845,-1.71438,1.7747218143768335
4,83,37.2979,296.181,0.971891,-2.42951,2.6166946623519145
5,83,0.0,295.849,0.74272,-4.91954,4.975289620715562
6,83,5.49609,295.344,0.835074,-3.96524,4.052218755580207
7,83,68.9844,295.92,0.258287,-1.26927,1.295283176478796
8,83,190.662,297.031,-0.425518,-1.61766,1.6726892849313049
9,83,318.817,298.181,-0.787735,-1.58373,1.768820834094002
10,83,555.928,300.173,0.839205,-1.83845,2.020931328503025
11,83,703.866,301.568,-0.679443,-2.24574,2.3462717101497432
12,83,703.81,302.773,-1.11706,-2.36152,2.6123934914174014
13,83,792.221,304.115,-0.503063,-1.65621,1.7309257482829816
14,83,767.241,304.911,1.84796,-1.93444,2.6752596650045017
15,83,700.009,304.836,0.265197,-3.03059,3.0421711320879044
16,83,585.266,304.653,3.41146,-2.11446,4.013601926349946
17,83,458.71,304.586,3.32407,-2.44932,4.128996225149643
18,83,309.386,303.574,2.17453,-3.99249,4.5462684831628675
19,83,139.441,302.199,-0.691004,-2.93303,3.0133289745588683
20,83,17.1406,300.286,2.21908,-5.13896,5.59760894739888
21,83,0.0,298.681,0.278684,-6.27073,6.2769195872462795
22,83,48.5225,297.448,3.29817,-6.33878,7.14549209203257
23,83,33.4336,297.15,3.33042,-6.00273,6.864726129227589
24,83,32.3154,296.209,1.72604,-5.16347,5.444321493308418
1,84,15.999,298.125,1.54279,-2.33137,2.7956192625248524
2,84,15.999,298.175,2.16018,-2.92494,3.6361589123689297
3,84,15.999,297.792,1.86119,-2.4468,3.0742248545121096
4,84,15.999,297.525,1.62472,-3.70392,4.0445937305000115
5,84,0.0,297.675,1.97612,-4.56456,4.973958006256185
6,84,2.37891,297.681,1.33117,-3.39639,3.6479416937500524
7,84,32.6406,297.608,1.41307,-3.37474,3.6586386665671156
8,84,111.326,297.844,1.21022,-3.69725,3.8902814822195064
9,84,250.317,298.786,1.46764,-2.92455,3.2721491213115574
10,84,412.866,299.269,1.91733,-4.35554,4.75887413371062
11,84,641.616,299.962,-0.569092,-5.94838,5.975541007211313
12,84,769.794,300.77,2.41077,-4.72139,5.301257919116934
13,84,814.611,301.42,3.39537,-5.82222,6.739939403681609
14,84,801.819,301.684,2.19952,-5.82408,6.225575963459124
15,84,689.712,301.941,1.97076,-5.40364,5.75180147668537
16,84,565.141,302.0,0.563799,-5.43478,5.463945731868225
17,84,472.554,301.852,1.1893,-6.69932,6.804066648145064
18,84,323.527,301.364,3.52951,-6.28057,7.2043736969288314
19,84,151.504,300.757,3.82706,-6.71525,7.729228344802604
20,84,21.6406,300.213,0.876793,-8.22587,8.27246657422978
21,84,0.0,299.569,0.946652,-7.58616,7.644996635362503
22,84,15.999,298.844,1.9261,-6.53995,6.817683419791506
23,84,15.999,298.4,2.73179,-7.51347,7.994679983901795
24,84,15.999,298.05,2.82858,-6.87929,7.438111031740519
1,85,63.999,297.118,1.80792,-1.88215,2.609801400279339
2,85,63.999,297.055,0.506376,-2.1222,2.181776682746426
3,85,63.999,296.927,1.69322,-1.12746,2.0342467942705476
4,85,63.999,296.685,-0.369905,-2.96271,2.9857126876384137
5,85,0.0,296.306,0.81938,-4.87853,4.946861484345402
6,85,2.87305,296.118,0.288688,-4.41788,4.427302164495214
7,85,43.3672,296.746,2.67967,-2.63499,3.7581649257317067
8,85,156.67,297.559,0.511982,-3.65916,3.694804118478272
9,85,287.583,299.122,0.702499,-2.40502,2.5055191169498188
10,85,461.147,300.497,0.890963,-3.07038,3.1970374429726345
11,85,668.038,301.561,1.98804,-4.62758,5.036546405822149
12,85,764.779,302.562,2.60999,-4.21309,4.956024127080093
13,85,800.033,303.502,4.03991,-2.60494,4.806930955578622
14,85,791.944,303.874,1.29864,-6.45592,6.585238712150076
15,85,685.603,303.376,3.70807,-4.14046,5.558164457489541
16,85,530.766,303.623,1.91048,-5.56368,5.882556329760048
17,85,472.85,303.251,2.50034,-5.82822,6.3419120526856885
18,85,329.925,301.69,0.546597,-6.55303,6.575786680033728
19,85,156.355,300.439,1.13126,-6.06877,6.173306933929334
20,85,22.4727,299.003,0.737144,-5.55498,5.603675943265813
21,85,0.0,297.998,1.33142,-4.12815,4.33754557773172
22,85,63.999,297.308,2.40364,-5.29776,5.817537818287046
23,85,63.999,297.305,2.73716,-7.08671,7.596940403195223
24,85,63.999,296.868,2.53561,-6.24062,6.736071262724289
1,86,63.999,296.347,4.3338,-2.53498,5.020751541392982
2,86,63.999,295.832,3.71292,-3.04457,4.8015811365944865
3,86,63.999,295.359,2.02867,-2.87502,3.518698902904311
4,86,63.999,295.272,-3.00662,-3.49298,4.60876047379336
5,86,0.0,294.957,-1.19283,-4.32579,4.487237739745912
6,86,4.88867,294.832,-1.52772,-3.9794,4.262575836087846
7,86,76.4219,295.457,0.701159,-3.31956,3.392801576408647
8,86,209.834,296.407,2.0989,-4.10203,4.607822840659133
9,86,405.786,298.095,-1.70522,-2.81079,3.2876002908656643
10,86,594.538,299.924,-1.4479,-3.00446,3.3351453194126335
11,86,708.226,301.16,1.4895,-3.56752,3.865981013973038
12,86,782.732,302.424,2.19935,-2.27363,3.1633105758682625
13,86,818.892,303.72,2.73229,-2.92818,4.004952778310876
14,86,793.85,304.437,4.91778,-2.85045,5.684155639222064
15,86,679.822,304.049,6.16217,-3.77229,7.2251305145997184
16,86,540.906,303.562,6.51204,-3.9504,7.616582246756087
17,86,424.96,303.109,3.33627,-4.08408,5.273557334409099
18,86,284.902,302.346,-1.07596,-4.02178,4.163220422941835
19,86,128.488,300.985,2.17716,-3.73185,4.320501138537057
20,86,14.8633,299.193,1.06771,-4.554,4.677490849173305
21,86,0.0,298.396,0.662473,-4.85374,4.8987409059195
22,86,63.999,297.582,3.42024,-4.3837,5.560113968939845
23,86,63.999,296.758,4.10093,-5.18339,6.609474922942064
24,86,63.999,295.734,2.62154,-5.97304,6.523011483448424
1,87,45.165,296.713,0.533508,-0.665352,0.8528329672145655
2,87,40.5254,296.554,2.58841,-0.553844,2.647000095284471
3,87,37.917,296.41,2.04722,-0.865746,2.22275186759926
4,87,36.96,296.213,1.02609,-1.01789,1.4453237492686544
5,87,0.0,295.963,1.65874,-3.23546,3.6358795083445767
6,87,2.75781,296.088,-1.59705,-1.91104,2.490510506723471
7,87,33.0234,296.342,-0.813978,-2.06663,2.2211527955960166
8,87,93.5837,296.803,2.30886,-2.76072,3.598945598088418
9,87,283.911,298.25,0.194199,-2.1018,2.110752588912542
10,87,462.46,299.543,0.318697,-3.19636,3.212208745926858
11,87,671.632,300.712,0.142822,-2.20326,2.2078842250634434
12,87,773.326,302.212,2.00013,-1.84687,2.7223976222807718
13,87,807.517,303.497,0.992054,-2.9897,3.1499963855401485
14,87,792.054,304.847,2.31182,-2.94078,3.740681585059065
15,87,700.056,304.838,1.61285,-3.23811,3.6175463362063516
16,87,574.5,304.498,1.92122,-2.19064,2.913758723367465
17,87,463.882,304.742,5.49155,-3.99619,6.7916607629209516
18,87,322.144,304.242,2.27414,-4.00909,4.609177298358135
19,87,148.144,303.277,1.72648,-2.23283,2.8224569083158735
20,87,19.4062,301.397,3.2972,-3.88896,5.098581932420033
21,87,0.0,299.69,2.31335,-3.70725,4.369815875411686
22,87,51.1045,298.393,1.52181,-3.20108,3.5444066982359685
23,87,33.1367,297.562,2.04234,-4.20195,4.671994914177454
24,87,32.3389,296.992,-1.08549,-2.23379,2.4835672538105347
1,88,63.999,297.3,-0.116882,-3.22785,3.22996548347254
2,88,63.999,296.55,1.48929,-5.88441,6.069947755310584
3,88,63.999,295.865,-1.38637,-3.15334,3.444644384040245
4,88,63.999,296.61,-1.01444,-4.47345,4.5870299122743905
5,88,0.0,296.771,-0.960894,-4.87511,4.968904787912121
6,88,8.82617,296.591,-1.85487,-4.36905,4.746487187320746
7,88,122.961,297.203,-0.911146,-4.50511,4.596324960815543
8,88,300.849,298.022,0.689228,-4.27244,4.327675910876875
9,88,482.27,299.761,-1.48988,-2.12475,2.5950539448920904
10,88,642.006,301.545,0.596041,-0.00934601,0.5961142688981033
11,88,761.382,302.776,0.610596,-0.0543365,0.6130089154720754
12,88,803.779,304.126,3.10658,-1.09834,3.295025045731823
13,88,836.502,305.318,2.3778,0.154828,2.3828354012780655
14,88,778.475,305.6,1.3753,-2.91051,3.219086601832886
15,88,603.791,303.853,-0.763124,2.42888,2.545941141066698
16,88,293.344,302.662,1.09798,3.72929,3.887565302924184
17,88,387.413,303.231,-1.69937,0.803614,1.8798015474767542
18,88,275.035,303.079,0.947964,-3.42803,3.5566874231784835
19,88,113.48,301.579,1.14786,-4.57365,4.715491162339295
20,88,11.4648,300.239,2.68783,-5.54912,6.165805939477823
21,88,0.0,299.082,2.23523,-5.50706,5.943396587516267
22,88,63.999,298.281,2.42903,-6.42178,6.86581714796571
23,88,63.999,297.879,3.38169,-7.85234,8.549565528826596
24,88,63.999,297.01,2.70846,-8.23574,8.669669481543112
1,89,63.999,297.25,1.8382,-2.24348,2.9003761394688103
2,89,63.999,297.25,2.99954,-1.83851,3.5181471304793384
3,89,63.999,297.125,2.53502,-2.34084,3.450486676687797
4,89,63.999,296.875,2.84201,-2.26203,3.632327155006829
5,89,0.0,296.969,0.789106,-3.94982,4.027873671260806
6,89,2.20117,296.875,2.76183,-2.88858,3.996448343879851
7,89,55.9297,296.75,-0.374525,-3.35618,3.377012461929183
8,89,162.17,297.0,-0.415264,-3.80809,3.830664908053953
9,89,326.114,297.625,2.23131,-1.3811,2.6241534875269776
10,89,479.241,297.773,1.95053,-2.06892,2.8434129575740488
11,89,709.476,298.043,-0.593994,-4.58754,4.625835289289492
12,89,834.951,298.305,-2.3988,-4.49238,5.092712391682844
13,89,917.674,298.523,1.48619,-3.46529,3.7705431306643344
14,89,897.819,298.163,2.52667,-1.58239,2.9812781488817848
15,89,781.166,298.707,1.24274,-5.4969,5.635628830716231
16,89,653.891,298.733,2.06575,-3.8713,4.387970687288146
17,89,538.538,298.975,3.89731,-7.2833,8.260477233556182
18,89,363.48,299.054,1.29562,-6.25616,6.388909854583957
19,89,165.058,298.875,-1.691,-6.17912,6.406325387802277
20,89,25.0234,298.398,1.86068,-7.9622,8.17672054691855
21,89,0.0,297.898,1.43738,-6.61546,6.769813311753877
22,89,63.999,297.625,2.77474,-4.88956,5.622008454387098
23,89,63.999,297.625,4.44419,-6.53984,7.906979953288107
24,89,63.999,297.375,2.82076,-6.40469,6.998338443780781
1,90,63.999,298.37,1.15558,0.394218,1.220972140519185
2,90,63.999,298.113,0.334013,-4.85121,4.862695049894554
3,90,63.999,296.894,0.584822,-3.10891,3.1634377123287885
4,90,63.999,296.993,-0.951937,-2.284,2.4744373202748537
5,90,0.0,296.467,-1.18599,-4.11437,4.2818935971133145
6,90,7.86719,296.394,-1.13416,-2.51504,2.758939127128397
7,90,103.859,297.907,-1.89161,-2.39964,3.0555622267759497
8,90,263.529,298.915,-1.59007,-2.05809,2.6007800854743564
9,90,431.786,300.06,1.46519,2.49781,2.8958308880526844
10,90,589.944,301.533,-0.811186,1.39739,1.6157727373291084
11,90,724.023,302.567,0.286865,2.12096,2.1402716766394403
12,90,787.748,302.982,-0.931023,3.42852,3.5526825381574696
13,90,827.689,303.185,0.157093,5.88676,5.8888557044852945
14,90,814.616,301.69,1.38702,7.29701,7.427663119750384
15,90,666.369,302.076,1.68121,5.17839,5.444464166123238
16,90,479.438,301.64,3.51497,3.89433,5.246028998185198
17,90,372.382,300.451,4.56479,3.02334,5.475207073682237
18,90,289.246,300.036,6.80978,2.92548,7.411581267098135
19,90,120.238,299.526,2.41398,2.74959,3.658899371190741
20,90,12.2461,298.883,2.59603,-0.827437,2.724706176795766
21,90,0.0,298.972,0.554074,-4.08323,4.120651068748239
22,90,63.999,297.658,-0.526045,1.08017,1.2014535242467768
23,90,63.999,297.692,2.71958,-5.81035,6.415316243093555
24,90,63.999,297.153,0.633263,-5.58828,5.6240461756256055
1,91,46.0645,296.723,-0.883972,-0.340645,0.9473360083988152
2,91,41.9727,296.761,0.986357,-1.12953,1.4995793251272171
3,91,40.2168,296.511,-0.779924,-2.19582,2.3302160668435876
4,91,37.7432,296.228,-0.0159016,-1.47297,1.4730558311831088
5,91,0.0,296.136,1.08354,-2.60802,2.824150713400402
6,91,2.54883,295.978,0.962028,-2.91641,3.0709843960665117
7,91,55.5391,296.342,-0.568373,-2.43235,2.497873973928429
8,91,149.724,297.137,-0.230206,-2.65477,2.6647323609203233
9,91,278.473,298.375,0.89537,-3.23022,3.3520156153126734
10,91,448.944,299.549,1.45249,-3.70075,3.97558521007914
11,91,659.648,300.511,-0.664307,-4.7018,4.748497344450032
12,91,753.966,301.799,1.93031,-3.94355,4.3906358649516815
13,91,795.33,303.011,1.12389,-3.27388,3.46141863785645
14,91,765.272,302.952,1.31622,-4.79479,4.972167156532451
15,91,693.025,302.674,2.13824,-4.87483,5.323160511059196
16,91,579.219,302.44,1.76302,-2.0461,2.7008822133517785
17,91,475.038,302.065,1.6434,-4.76279,5.038346171522953
18,91,323.964,300.641,1.12765,-5.83721,5.945133733281364
19,91,153.019,299.641,0.653723,-4.02287,4.07563943420281
20,91,22.582,298.103,3.40414,-3.50517,4.886142227616793
21,91,0.0,297.033,-0.192019,-2.7346,2.7413333355068294
22,91,44.4805,296.549,1.84114,-3.22647,3.7148223592118104
23,91,25.1504,296.228,1.40513,-4.8748,5.073269690929115
24,91,28.4102,295.967,1.07858,-4.60976,4.734260456924607
1,92,63.999,297.225,1.992,-0.902657,2.186973630304901
2,92,63.999,296.963,3.38235,-1.66371,3.7693795890835937
3,92,63.999,296.713,2.37877,-2.28371,3.297556379654486
4,92,63.999,296.6,1.89523,-2.81427,3.3929356589537623
5,92,0.0,296.339,0.467329,-2.89122,2.928745376887687
6,92,2.40234,296.227,0.753043,-2.47256,2.5846908351771978
7,92,44.4453,296.588,2.68895,-2.47288,3.6531613154773224
8,92,105.568,296.95,0.480244,-2.91551,2.9547982773170824
9,92,271.989,298.325,0.753281,-1.91332,2.0562649847140326
10,92,485.475,300.113,0.895845,-2.57429,2.7257122496927293
11,92,652.882,301.613,1.75952,-2.91469,3.4046040043593906
12,92,759.81,303.351,0.583138,-2.21113,2.286732560651551
13,92,808.111,304.864,1.43151,-2.71334,3.067806192656244
14,92,792.569,305.978,2.44952,-2.68004,3.630807435268359
15,92,685.15,305.352,1.57867,-2.50472,2.960712962666256
16,92,557.391,304.876,3.04036,-2.1545,3.726346626335237
17,92,468.944,304.615,4.08286,-2.61728,4.849731990326888
18,92,328.199,303.839,0.936733,-2.31866,2.5007304750590373
19,92,157.238,302.126,-1.0079,-1.23674,1.5954272899759487
20,92,20.0742,299.787,0.701012,-2.6292,2.721049515195194
21,92,0.0,298.74,1.02185,-2.20237,2.427882006894075
22,92,63.999,297.401,1.13509,-1.12979,1.6015163914865187
23,92,63.999,296.291,0.969093,-1.84746,2.0862046146648705
24,92,63.999,296.114,1.47018,-2.58633,2.974984386732139
1,93,63.999,297.903,4.37042,-2.08479,4.842202011533596
2,93,63.999,297.674,3.07278,-2.95228,4.261212753055168
3,93,63.999,297.37,3.64195,-3.04153,4.744966232061088
4,93,63.999,296.94,3.40353,-0.0696449,3.404242481521551
5,93,0.0,296.799,4.37846,-3.40001,5.543553009731213
6,93,5.68164,296.329,1.34338,1.22714,1.8194895998603564
7,93,89.9297,297.11,4.15965,-0.0959291,4.160756002786851
8,93,233.998,297.789,4.21852,-3.27342,5.339587014629502
9,93,390.817,298.218,1.94664,1.63111,2.5396706718982287
10,93,551.96,298.771,3.61362,1.15569,3.7939252602680513
11,93,666.616,299.082,2.18237,0.419296,2.2222843995573567
12,93,778.169,299.205,3.1764,3.95,5.06872932400222
13,93,837.002,299.864,6.58092,1.44194,6.73703933564292
14,93,816.335,300.478,5.04424,0.12367,5.045755785459697
15,93,701.603,299.719,4.39606,3.77067,5.7916574287935925
16,93,569.844,299.133,3.75325,1.81522,4.169161691623389
17,93,441.6,299.868,6.96274,3.20205,7.663737502687576
18,93,291.886,298.88,4.71994,3.25849,5.735467782465524
19,93,133.637,298.826,5.16446,2.68611,5.821239904324508
20,93,16.1055,297.591,6.51937,0.0797892,6.519858243346755
21,93,0.0,296.782,5.75671,0.702904,5.799464118116087
22,93,63.999,297.022,1.73958,-1.0878,2.051693792065473
23,93,63.999,298.137,1.36753,-3.57402,3.8267162504293415
24,93,63.999,298.002,3.72604,-7.19765,8.104908364941581
1,94,45.8945,296.46,1.35675,-1.47639,2.0051179502961913
2,94,42.6162,296.06,1.12698,-2.52992,2.7695810381355517
3,94,38.9033,295.799,0.817244,-2.13039,2.2817645162540328
4,94,38.2568,295.636,1.69406,-1.69269,2.394794087118974
5,94,0.0,294.993,1.08745,-3.0548,3.2425839299083687
6,94,4.69922,295.136,2.73009,-3.95938,4.809374324431402
7,94,72.8594,296.066,0.833483,-2.92161,3.03817361310854
8,94,164.49,296.93,-0.926983,-3.2075,3.338765300569808
9,94,272.802,298.096,-0.108536,-2.57543,2.577715994479609
10,94,432.928,299.595,-0.326811,-2.36433,2.386809958631185
11,94,585.054,301.08,1.23755,-4.19594,4.374636269005687
12,94,754.873,302.089,-0.751823,-2.33613,2.454127380603745
13,94,803.002,303.18,-0.380993,-1.93209,1.9692961773560118
14,94,765.038,303.886,1.67364,-3.22985,3.6377193228862503
15,94,693.384,304.151,3.2232,-2.69026,4.198394586934391
16,94,583.828,303.941,1.14778,-1.64571,2.006429747711093
17,94,460.663,303.971,1.5853,-2.28721,2.7828951963917
18,94,309.418,303.203,1.97238,-5.03155,5.404329585332486
19,94,141.496,301.203,2.16495,-3.14006,3.814051036116324
20,94,19.2578,298.982,-0.217934,-3.34111,3.348210157749361
21,94,0.0,297.776,1.84411,-3.7844,4.209801070371378
22,94,44.9668,296.89,-0.341475,-5.28409,5.295112114367835
23,94,24.8984,296.056,-0.630028,-4.54863,4.592055112657513
24,94,29.1475,295.483,-0.981972,-5.0082,5.103561134030238
1,95,63.999,297.121,4.42657,-2.48908,5.078389627756027
2,95,63.999,296.682,5.40481,-3.12855,6.244981684408691
3,95,63.999,295.975,4.47398,-3.76907,5.849990231214066
4,95,63.999,295.839,3.00314,-4.1966,5.1604555438061865
5,95,0.0,295.49,1.15336,-4.38536,4.534492432367707
6,95,5.08008,295.215,0.829703,-3.73086,3.8220051553875485
7,95,94.8672,296.607,0.599596,-3.75267,3.800269397308038
8,95,255.732,297.7,3.50026,-4.10691,5.396158801934947
9,95,410.239,299.325,0.0276947,-2.68139,2.6815330183512733
10,95,561.069,301.226,1.47788,-2.37263,2.7952642829077896
11,95,684.163,302.651,0.81665,-2.89906,3.011887465709833
12,95,770.294,304.158,1.10853,-2.321,2.572135253228337
13,95,817.189,305.422,3.23912,-0.391559,3.2627008482055175
14,95,790.96,305.915,1.61505,-1.98717,2.5607091032368356
15,95,676.353,305.808,2.77154,-2.91585,4.022886425702321
16,95,517.688,305.778,3.1722,-2.90646,4.302367089359066
17,95,422.538,305.014,-0.933258,-3.10068,3.2380838403234713
18,95,286.629,303.996,-0.0476418,-2.66338,2.663806067548319
19,95,122.293,302.674,1.6171,-2.86271,3.287874838569741
20,95,13.7227,300.676,-0.958168,-4.19072,4.298862644307678
21,95,0.0,299.469,2.94323,-4.7551,5.592278501907787
22,95,63.999,297.666,1.07259,-2.67081,2.878137481810068
23,95,63.999,297.435,2.62534,-4.39238,5.117168375185636
24,95,63.999,296.551,2.60592,-4.5209,5.218175529473879
1,96,63.999,297.125,3.87042,-1.97736,4.346274674476983
2,96,63.999,296.875,3.40579,-3.00697,4.543266897839043
3,96,63.999,296.625,3.14097,-2.18362,3.8254266226526945
4,96,63.999,296.5,1.85519,-3.48029,3.9438747977338227
5,96,0.0,296.704,1.64506,-4.42394,4.719901220068064
6,96,1.4375,296.704,2.24572,-4.11124,4.684608057884885
7,96,47.1875,296.75,-0.311537,-4.78294,4.7930752493539055
8,96,142.49,297.625,1.51442,-3.97996,4.258350565418493
9,96,310.177,298.842,0.854843,-3.17309,3.286222254009762
10,96,479.444,299.967,-0.167631,-4.98347,4.986288538889521
11,96,605.476,300.717,-1.14429,-5.35902,5.479826180135644
12,96,748.076,302.183,-1.69811,-4.56123,4.8670727018403985
13,96,803.564,302.9,2.39147,-3.46822,4.212799393431878
14,96,782.85,302.479,4.41583,-5.15514,6.787858499445904
15,96,686.4,302.354,4.0816,-5.57552,6.9098394938232826
16,96,561.875,302.638,1.64583,-4.53243,4.821999387577729
17,96,454.21,301.729,2.47739,-5.19443,5.754959968322977
18,96,310.558,300.683,4.07248,-5.62237,6.942343823760099
19,96,148.043,299.591,4.74064,-5.98771,7.637168235262334
20,96,21.0039,298.296,1.15804,-7.30595,7.397159052237555
21,96,0.0,297.546,0.955441,-5.91624,5.992892727396429
22,96,63.999,296.875,2.39876,-4.30948,4.932105778265506
23,96,63.999,296.579,3.20054,-5.44316,6.314384140769391
24,96,63.999,296.875,1.97994,-6.62051,6.910232634557248
1,97,41.2812,296.667,1.06183,-1.92219,2.1959729836680597
2,97,40.4922,296.5,1.44827,-3.04408,3.3710397564104757
3,97,39.0947,296.508,2.08433,-2.87405,3.5502950513161577
4,97,38.9932,296.063,-1.2703,-3.62531,3.841423523395982
5,97,0.0,295.642,3.49223,-4.81554,5.948537287812862
6,97,3.57617,295.758,-0.0638514,-4.0668,4.067301223327571
7,97,61.5703,296.283,-0.0752087,-1.9265,1.927967478604266
8,97,144.154,297.275,-0.0314751,-3.7324,3.732532711433352
9,97,321.239,298.723,0.275253,-2.83569,2.8490177237267234
10,97,501.038,300.283,1.11655,-3.10114,3.2960208133596485
11,97,659.507,301.455,0.812744,-3.76967,3.856288982744421
12,97,752.326,302.823,-0.0257492,-3.56953,3.569622871144883
13,97,796.205,304.02,2.18737,-1.08882,2.4433821864988703
14,97,783.1,304.379,1.58868,-4.76989,5.027499851268024
15,97,683.166,304.628,1.01031,-3.56331,3.703768952324105
16,97,530.047,304.455,2.67415,-3.62032,4.500866041652428
17,97,462.163,304.135,2.88461,-4.22471,5.115579090992534
18,97,318.918,302.955,1.85568,-4.58135,4.942905631802007
19,97,148.035,300.938,1.31779,-5.06291,5.231599005294652
20,97,20.8867,298.955,1.35384,-6.97099,7.101238224823893
21,97,0.0,297.891,1.95984,-5.92307,6.23888860699564
22,97,45.3184,297.015,2.46321,-5.4169,5.950647789451162
23,97,30.0723,296.573,3.13267,-7.03593,7.701813571737503
24,97,25.6064,296.16,3.4819,-6.66836,7.522675900209978
1,98,63.999,297.65,3.49054,-2.30793,4.184544225659469
2,98,63.999,297.546,5.54202,-3.28431,6.442101975015609
3,98,63.999,297.275,3.9564,-1.83791,4.362455057430392
4,98,63.999,297.119,2.82834,-2.76984,3.9587271668050072
5,98,0.0,296.702,4.33256,-4.75011,6.429200663045135
6,98,3.05273,296.22,2.4757,-4.3295,4.987350071931988
7,98,65.5625,296.915,2.16942,-4.68919,5.166709396946958
8,98,183.654,297.668,1.19802,-4.62889,4.781409264275545
9,98,345.567,299.184,-0.0587311,-3.94213,3.942567472980927
10,98,503.21,300.665,1.79624,-4.60017,4.938425069442687
11,98,638.007,301.665,1.38013,-4.28627,4.5029844914012305
12,98,755.169,303.43,1.24866,-3.7668,3.9683666710121432
13,98,817.846,304.57,2.84655,-2.60884,3.8612035750656815
14,98,794.007,304.475,3.31573,-4.5858,5.658942222085325
15,98,686.681,303.717,4.2608,-3.76155,5.68363220506922
16,98,559.0,303.545,4.21907,-4.10567,5.887026228394094
17,98,449.835,303.54,3.37143,-3.7833,5.06753383164829
18,98,306.558,303.04,2.89572,-3.11553,4.253436434143574
19,98,143.074,301.415,1.85782,-3.50529,3.9671845352214206
20,98,18.418,299.65,2.33431,-6.31572,6.733299510232706
21,98,0.0,298.847,0.522824,-6.12522,6.147492576927279
22,98,63.999,297.765,1.97298,-5.50284,5.845844519485615
23,98,63.999,297.277,2.75034,-7.46562,7.956120417640749
24,98,63.999,296.402,2.71529,-8.08437,8.528179060092489
1,99,44.4209,296.339,1.87286,-1.49885,2.3987821706232517
2,99,40.8193,295.786,2.82278,-2.06947,3.5001132852094945
3,99,38.6504,295.705,0.62779,-1.38869,1.5240013780177497
4,99,36.6689,295.619,-1.60623,-1.27668,2.051800827395291
5,99,0.0,295.284,0.583052,-2.71593,2.7778094606369246
6,99,4.90625,295.42,-1.52479,-2.06192,2.5644684888880973
7,99,70.0312,296.285,-0.814955,-1.90355,2.0706651719978777
8,99,210.967,297.245,-0.54417,-2.77977,2.8325328315484715
9,99,423.223,298.787,1.28307,-2.06567,2.4317197975506963
10,99,603.881,300.425,0.186861,-2.95856,2.964455145034412
11,99,736.179,301.392,2.06323,-2.99232,3.6346797679162877
12,99,798.779,302.675,0.748665,-2.68086,2.783434860352403
13,99,811.346,303.809,3.11998,-4.11666,5.165381375658529
14,99,788.272,304.373,0.732721,-3.64928,3.7221129190610274
15,99,685.837,304.184,0.969298,-1.80501,2.0488044594113903
16,99,540.797,303.704,3.04427,-2.39962,3.8763070024573647
17,99,436.382,303.642,-1.05142,-3.70322,3.849587300581713
18,99,295.152,302.934,1.64376,-2.53253,3.0192143247043592
19,99,127.238,301.445,0.45841,-0.577558,0.7373689520613137
20,99,15.0586,300.067,3.56966,-2.77861,4.523620900086566
21,99,0.0,298.649,1.99597,-3.62717,4.140079522158965
22,99,52.6475,297.299,1.67317,-3.1796,3.592958948958365
23,99,38.3193,296.768,1.83872,-5.10331,5.424450589184125
24,99,37.4424,296.231,-0.0903702,-4.63711,4.63799050507308
1,100,37.7266,296.096,1.87921,2.07,2.7957700592323396
2,100,27.5293,296.105,1.31546,1.72057,2.1658245858102174
3,100,19.4609,295.635,1.38218,2.51121,2.8664607474200654
4,100,20.1084,295.829,2.88009,0.881527,3.0119774666867944
5,100,0.0,295.719,2.49077,1.64344,2.984096216025884
6,100,7.25,295.83,3.08214,0.882905,3.2061048358756143
7,100,63.5469,296.291,3.51903,0.776141,3.6036047220499916
8,100,166.412,297.015,3.28249,0.0547075,3.2829458586239664
9,100,291.911,298.039,3.24889,1.10718,3.432365625119212
10,100,453.71,298.777,3.58628,0.969658,3.7150559720364913
11,100,582.773,300.015,3.84839,3.43541,5.158696294627161
12,100,674.076,301.178,0.617805,-2.22578,2.3099306540294666
13,100,773.455,302.303,4.3983,1.25493,4.573826865426805
14,100,792.257,302.442,6.34014,2.39515,6.777471412119715
15,100,728.65,302.22,6.3277,2.80192,6.920299341531405
16,100,622.5,302.607,6.33138,2.01737,6.645009738239667
17,100,480.132,301.997,7.28256,2.58486,7.727689264793196
18,100,281.988,300.997,6.94064,2.16669,7.270971679610642
19,100,74.1522,299.886,5.94767,3.42244,6.862060476453118
20,100,26.5273,298.913,6.17367,-1.39091,6.328414643257821
21,100,0.0,298.024,5.01306,-5.2346,7.24788298219556
22,100,29.3203,297.162,2.45735,0.3497,2.482107796309419
23,100,22.2441,296.775,2.869,1.04903,3.054770849163649
24,100,25.2842,296.276,2.26803,-1.23574,2.5828305071181115
1,101,37.9297,296.262,1.95734,3.16473,3.7211148663404625
2,101,28.4277,296.019,2.18216,2.57262,3.373454598775564
3,101,15.707,296.245,0.375837,1.81345,1.8519865963524142
4,101,15.9512,296.0,2.44113,1.72772,2.9906741840762257
5,101,0.0,295.769,2.50102,1.24403,2.7933334353957817
6,101,6.14844,295.867,1.77306,1.27695,2.185027017247155
7,101,54.3438,296.26,2.23387,1.22585,2.5481136943629497
8,101,140.342,297.117,3.08034,1.55031,3.4484714891818378
9,101,248.739,298.49,0.755722,-0.553461,0.936714908499379
10,101,431.819,299.142,3.08237,1.49261,3.4247466225985246
11,101,582.882,299.99,3.85376,3.83043,5.433567899870213
12,101,767.248,301.5,2.93616,3.51787,4.582187783417437
13,101,836.064,302.642,4.29479,1.6392,4.596977026710053
14,101,827.757,302.893,5.90508,1.65834,6.133519492265432
15,101,758.666,302.653,5.88531,3.21745,6.707373427698803
16,101,647.516,302.78,5.70345,2.63358,6.282124283942494
17,101,478.96,302.291,8.66245,3.90322,9.501219204444238
18,101,268.652,300.79,6.00509,2.77021,6.613257091040692
19,101,57.1287,299.781,5.82804,2.47908,6.333394657527667
20,101,17.4453,298.918,6.76595,-2.64384,7.2641564787730175
21,101,0.0,298.024,4.44958,-2.20139,4.964360996996492
22,101,24.8184,297.762,1.62239,0.00106716,1.6223903509730528
23,101,17.958,297.272,2.23277,-1.10234,2.490063322186807
24,101,20.0908,296.632,3.59811,3.12168,4.763536668747287
1,102,45.2393,295.922,1.16486,2.91863,3.142498989100871
2,102,36.1133,295.695,2.15628,3.65319,4.242091537732302
3,102,31.7139,295.797,1.42857,3.57273,3.847754136869974
4,102,27.1191,296.035,2.18283,3.17938,3.85657931246072
5,102,0.0,296.058,2.87114,0.483776,2.911611944915737
6,102,6.08398,296.035,2.68664,1.4913,3.0727854106006167
7,102,67.8594,296.285,3.16942,1.46071,3.489827623321817
8,102,111.529,296.337,3.30056,0.0449419,3.300865960316415
9,102,230.177,297.38,2.39342,-0.734125,2.5034773440207125
10,102,477.694,298.821,3.30991,0.851006,3.417559863431217
11,102,609.148,299.72,3.4436,2.96568,4.54462746794498
12,102,681.154,300.66,3.46156,-0.862011,3.5672763556698266
13,102,797.314,301.742,3.23229,2.79838,4.275351361993538
14,102,784.679,301.962,5.36944,2.66566,5.994716769723154
15,102,722.556,302.357,6.05572,0.962081,6.131667356352675
16,102,614.5,302.457,5.71321,0.924599,5.78754281322402
17,102,472.663,301.915,6.16977,0.198145,6.1729509388885475
18,102,259.394,301.189,5.80441,3.02216,6.5440527590859165
19,102,126.176,300.415,4.91251,3.2369,5.883049898658008
20,102,27.0625,299.426,2.97445,0.288774,2.9884349123874188
21,102,0.0,298.562,4.61609,-3.19944,5.616467145964624
22,102,25.5068,297.735,0.863604,0.0508718,0.8651010396775859
23,102,16.5518,296.895,0.339699,-1.69218,1.725939907123362
24,102,18.8232,296.505,1.56686,-2.31094,2.7920411786361603
1,103,37.2686,296.118,1.93683,2.35711,3.050783178300287
2,103,26.3711,295.754,3.4346,4.10924,5.355588719982145
3,103,17.791,295.74,2.15465,-1.02639,2.3866279673631583
4,103,18.0254,295.515,2.93039,0.969906,3.0867301794837854
5,103,0.0,295.768,3.61577,1.66053,3.978838093438837
6,103,6.41797,295.765,3.44005,2.27353,4.12345518508447
7,103,73.0703,296.015,3.18309,1.30495,3.440197152867841
8,103,177.177,296.655,3.01101,0.970723,3.1636188712973943
9,103,244.833,297.615,2.43199,-1.6228,2.9237057307636145
10,103,417.913,298.537,2.5726,0.192802,2.579814600161027
11,103,602.085,299.655,2.80981,2.8568,4.007036121137418
12,103,709.216,301.015,0.178352,0.272266,0.3254815058647726
13,103,787.892,301.942,3.18541,1.92338,3.72105193359351
14,103,783.585,302.175,6.81866,3.38295,7.611732713259183
15,103,722.103,302.213,6.37262,3.03386,7.057945321692426
16,103,616.078,302.5,6.11653,2.35038,6.5525739511508
17,103,474.444,302.014,6.58481,3.40322,7.412262077429535
18,103,274.621,300.892,6.30197,2.3454,6.724264051991117
19,103,102.762,300.143,5.95939,2.62459,6.511743379479876
20,103,26.9219,299.29,5.08187,-2.35771,5.602160220932636
21,103,0.0,298.287,4.34655,-1.27464,4.529592038153105
22,103,25.3877,297.735,2.61556,-0.868073,2.755849206130299
23,103,17.9756,297.272,2.76548,-3.68925,4.610688147435261
24,103,23.1191,296.747,2.47408,-1.59609,2.944244408078242
1,104,43.7734,295.74,1.07013,3.38787,3.5528638242690924
2,104,32.5947,295.532,2.08792,3.76696,4.306901156051762
3,104,27.4951,295.638,1.30162,2.47654,2.797760710997279
4,104,34.6787,295.852,2.18869,1.39764,2.5968753311816877
5,104,0.0,295.782,3.13676,0.686901,3.2110895785388798
6,104,6.26562,295.852,2.42882,1.6666,2.9456276330181317
7,104,47.2734,296.227,3.7202,0.424579,3.744349792319222
8,104,138.279,296.72,2.62673,0.37795,2.653781583966548
9,104,209.098,297.388,2.98912,1.41431,3.3068279590114757
10,104,477.163,298.958,3.48374,-0.824287,3.5799292515312366
11,104,627.257,299.602,4.05835,0.843613,4.145104053732427
12,104,723.326,300.684,2.14857,-3.57197,4.168371711567959
13,104,798.721,301.615,3.90416,2.71245,4.753929985611904
14,104,787.444,301.473,5.9085,3.22181,6.729816633913587
15,104,722.744,301.848,5.98199,2.72233,6.572311997235068
16,104,614.563,301.974,5.29622,1.80839,5.596447148012746
17,104,472.163,301.493,6.04477,1.6249,6.259356545436599
18,104,283.574,300.384,5.09298,2.65888,5.745266585181231
19,104,132.285,299.779,4.31827,1.71248,4.645432546415888
20,104,26.4219,298.779,2.59603,-0.685836,2.685096419087404
21,104,0.0,297.724,4.13708,-3.01682,5.120218143673178
22,104,26.0059,297.098,1.17317,-1.61417,1.995463013388121
23,104,17.9502,296.647,1.30991,-3.8748,4.090224840775871
24,104,19.4863,296.259,2.03951,-2.35781,3.1175100699436404
1,105,40.6719,296.334,1.35919,3.13543,3.4173555186722964
2,105,33.209,296.084,2.13626,3.91784,4.462407091828355
3,105,30.3125,295.986,1.39488,1.18162,1.8280908179847082
4,105,24.4189,296.246,2.08908,1.29705,2.4589822994279564
5,105,0.0,296.464,2.44926,0.991589,2.642370771205472
6,105,5.6582,296.361,2.61144,0.746186,2.715955157986965
7,105,66.5703,296.589,2.99559,0.675555,3.070819761256756
8,105,142.435,296.928,2.74294,-0.172832,2.7483796578755273
9,105,216.802,297.746,2.59459,-0.70434,2.6884925336887213
10,105,461.194,298.932,3.7767,0.607353,3.8252242491923267
11,105,595.491,300.053,3.62476,2.92857,4.659979324256708
12,105,699.748,301.178,3.34827,-0.443554,3.377521597831167
13,105,783.924,302.276,3.27233,2.81743,4.318107853423766
14,105,782.413,302.864,5.47833,2.79945,6.152155710919547
15,105,720.744,303.225,5.50494,1.653,5.747762469309253
16,105,611.36,303.471,5.27571,1.24784,5.4212748196065474
17,105,469.069,303.069,6.32846,0.741114,6.371707458177595
18,105,254.214,302.473,5.4338,3.50361,6.465405282896038
19,105,115.629,301.569,5.00431,3.17537,5.926727023661543
20,105,26.0586,300.485,3.46078,-0.239547,3.469060531845618
21,105,0.0,299.517,4.40613,-2.77268,5.205932765537796
22,105,25.1943,298.612,0.929033,0.403411,1.0128389556143662
23,105,16.2217,298.132,0.579933,-2.54277,2.6080647149541747
24,105,18.9375,297.512,1.39303,-1.13808,1.7988214662105853
1,106,34.7998,295.574,2.36212,3.53777,4.253872055821613
2,106,24.8525,295.574,1.94143,3.32409,3.8495096795566055
3,106,14.5439,295.176,1.98668,0.526344,2.0552215035698707
4,106,14.8506,295.322,3.08615,0.896175,3.2136352395884944
5,106,0.0,295.082,2.64799,1.74549,3.1715274522223518
6,106,7.41016,295.322,2.96154,1.87705,3.5062851957734416
7,106,70.2344,296.122,3.38378,0.905047,3.5027242484399195
8,106,200.498,296.756,3.28102,0.662129,3.3471640313915003
9,106,321.333,297.757,3.02135,-2.13012,3.6967508756880005
10,106,469.71,298.506,3.59702,1.05071,3.7473383066518027
11,106,638.851,299.756,3.88599,3.24107,5.060183101924277
12,106,689.904,300.882,0.188606,0.408009,0.4494925664757984
13,106,777.127,302.007,4.29869,0.869672,4.385779874057064
14,106,792.288,302.017,6.4461,2.0392,6.760957169661705
15,106,728.712,301.783,6.3736,1.93816,6.661774624347479
16,106,621.078,302.043,6.49642,1.3621,6.637679506152733
17,106,477.429,301.418,7.44223,4.24209,8.566336144525266
18,106,284.308,300.304,7.11789,2.06708,7.4119618036320185
19,106,78.6444,299.209,6.2338,2.34627,6.660724086231165
20,106,25.9609,298.196,7.04086,-0.74443,7.080104911969879
21,106,0.0,297.334,5.79187,-1.82639,6.073010664324574
22,106,27.1689,296.56,1.97103,-1.6835,2.5921287604785377
23,106,19.0039,296.185,3.05015,-3.19413,4.416546329361892
24,106,21.4805,295.671,1.78951,-0.599021,1.8871068328372402
1,107,41.8564,296.339,0.551086,0.795097,0.9674063359338723
2,107,38.5508,296.062,0.388212,0.792835,0.8827773752022646
3,107,37.5654,296.938,2.37974,1.28855,2.7062009478418263
4,107,38.3613,296.628,,-1.75519,1.75519
5,107,0.0,296.522,2.69194,-3.72423,4.595261696193156
6,107,22.7539,296.517,4.06798,-2.3251,4.685568406330229
7,107,156.562,297.027,2.41844,-2.40696,3.4120827181063476
8,107,280.763,297.348,4.73073,-2.97605,5.588978433971633
9,107,428.098,298.888,3.9691,-1.33813,4.188597224238683
10,107,623.381,300.272,3.69272,-2.01911,4.208679863151865
11,107,760.07,301.147,5.29419,-3.23988,6.206872817329191
12,107,822.232,302.397,0.847298,-3.27021,3.378192911144063
13,107,833.549,303.522,2.91686,-3.56343,4.605008754009051
14,107,796.85,304.338,1.16241,-2.95787,3.178079914822785
15,107,680.322,304.376,4.68463,-4.09212,6.22022542447619
16,107,458.641,304.255,-1.30632,5.73319,5.88013090997981
17,107,390.772,304.007,0.686859,3.73916,3.8017223453957025
18,107,232.23,303.184,-1.43973,-3.98077,4.233125590600874
19,107,103.238,301.492,2.09318,-3.09709,3.7380969731268343
20,107,7.95312,299.697,1.46127,-2.63408,3.0122562074465047
21,107,0.0,299.725,1.807,-2.85276,3.376905183389075
22,107,44.1885,298.563,0.345049,-2.1503,2.177808279532659
23,107,38.3447,297.515,-1.66421,-4.01738,4.3484407537070116
24,107,42.8174,296.728,0.300255,-4.19277,4.2035072663104796
1,108,46.9736,295.694,1.02228,0.29705,1.0645633381344672
2,108,41.2188,295.498,0.0244427,-0.046032,0.05211900428145188
3,108,40.1074,295.042,2.49205,,2.49205
4,108,41.3262,295.005,,,0.0
5,108,0.0,295.015,,0.414928,0.414928
6,108,19.6367,296.061,,-4.07266,4.07266
7,108,113.664,297.375,1.55028,,1.55028
8,108,247.076,298.665,2.46657,-3.04588,3.919356138359973
9,108,433.567,300.373,6.29039,-3.80248,7.350364650988412
10,108,614.46,301.665,-0.727201,-0.918526,1.1715422771189268
11,108,743.476,302.585,,-3.25941,3.25941
12,108,807.388,303.835,5.77845,-2.42842,6.267990754532109
13,108,818.736,305.085,-0.372204,2.86381,2.8878960392846555
14,108,785.085,305.668,-3.47822,-1.20397,3.6807007660634405
15,108,679.587,305.917,3.15924,4.99138,5.907171208116454
16,108,575.063,305.863,2.63118,6.21366,6.747790659764127
17,108,354.272,305.113,3.77231,3.87197,5.40578157318625
18,108,233.011,304.266,4.40158,5.58955,7.114560822629883
19,108,88.3553,302.266,-6.13827,4.01619,7.335403241063166
20,108,5.78516,300.458,-1.79508,3.95577,4.344010646775627
21,108,0.0,299.044,-0.496707,2.26052,2.314447777386433
22,108,49.2344,298.157,-2.52116,1.62997,3.0021742032233907
23,108,39.6289,298.184,-1.36636,-0.306439,1.4003015783469646
24,108,42.165,297.581,0.885216,-2.64199,2.786345012154094
1,109,41.6211,296.347,1.43781,,1.43781
2,109,37.5117,296.217,0.315458,1.8153,1.8425058588140228
3,109,38.498,295.679,2.20885,-1.52102,2.6818874254710994
4,109,40.8467,295.415,2.62619,-3.93097,4.7275151038362635
5,109,0.0,295.54,2.49272,-4.44103,5.09277924706147
6,109,15.0469,295.467,0.00206661,-0.607818,0.607821513275807
7,109,107.773,295.788,4.54686,-4.27513,6.241047378164982
8,109,262.334,297.065,1.13845,-3.8867,4.050000653395009
9,109,501.38,298.738,0.807968,-4.95288,5.0183495876058695
10,109,649.631,300.508,3.29819,-4.41267,5.509057433445398
11,109,745.07,301.73,1.75024,-4.23402,4.581513441866127
12,109,818.654,303.073,1.72816,-3.53389,3.933816914613592
13,109,822.439,304.168,-0.77943,-4.43062,4.498655878070694
14,109,765.304,304.275,2.49444,-3.09996,3.9789424367788984
15,109,661.634,304.424,-0.723084,-4.09114,4.154548949122637
16,109,411.453,303.428,1.57161,-3.23946,3.6005637174892486
17,109,349.632,303.823,-0.99234,-5.71982,5.805263086889345
18,109,265.371,302.963,1.13693,-5.39092,5.509503450520746
19,109,86.3397,301.57,0.505774,-4.73381,4.760752509338833
20,109,9.22266,300.478,0.283043,-6.22002,6.226456627990674
21,109,0.0,299.213,0.565305,-5.84299,5.870272726468934
22,109,48.9541,297.705,-1.42839,-3.05069,3.368531945551356
23,109,41.9717,297.269,0.331886,-5.19609,5.206678365819805
24,109,33.8174,296.368,-1.60307,-5.05703,5.305034009862708
1,110,38.8486,296.012,0.74884,-0.433907,0.8654690232752411
2,110,34.2852,295.8,1.92727,-1.71644,2.5808014116742886
3,110,33.7744,295.747,3.52183,-0.834007,3.619233927911955
4,110,36.6143,295.593,2.20236,-2.1673,3.0899156719237504
5,110,0.0,295.376,4.75297,-1.4171,4.959727435141976
6,110,15.3301,295.365,3.58459,-2.15323,4.1815888010420155
7,110,124.828,296.085,4.29833,0.238055,4.304917069111204
8,110,238.42,297.573,1.81765,-3.64207,4.070445357377986
9,110,409.52,298.374,2.90855,-3.19116,4.317773181641203
10,110,600.272,299.738,4.37729,-3.82087,5.810311119122625
11,110,722.679,300.623,2.17358,-4.17592,4.707733835169528
12,110,804.107,301.748,2.76527,-3.19502,4.2255024521706295
13,110,829.892,302.855,2.36998,-2.95015,3.7842027195830825
14,110,803.96,303.355,3.37676,-3.63024,4.9579381354752705
15,110,731.447,303.623,4.09674,-4.03548,5.750511060592789
16,110,618.985,303.623,3.99935,-1.27071,4.196367992276178
17,110,470.835,303.115,2.86606,-3.43076,4.470393058915513
18,110,299.839,302.491,3.68527,-3.44659,5.0458099053571175
19,110,131.355,301.24,4.48673,-3.64787,5.782534187516751
20,110,12.5859,299.554,3.83871,-2.14384,4.396787965060403
21,110,0.0,298.036,2.38366,-1.0012,2.585389029836709
22,110,46.2363,296.911,1.65462,-1.65518,2.3403820578700394
23,110,37.5518,296.794,0.249367,-3.80253,3.8106978759262717
24,110,35.6318,295.887,-0.518105,-1.54531,1.6298514616752655
1,111,42.7783,297.861,-1.40936,,1.40936
2,111,39.9346,297.361,-0.737276,1.42614,1.6054442375168314
3,111,37.4385,297.029,0.50572,1.21189,1.31317557489469
4,111,39.1582,296.865,,-0.680973,0.680973
5,111,0.0,296.832,6.40043,-1.76476,6.63926818576415
6,111,9.7793,296.991,2.63244,-0.944732,2.7968301531240685
7,111,73.7031,297.219,2.58983,-1.56077,3.0237761857981487
8,111,190.974,297.969,2.59548,-1.1826,2.8522025156710034
9,111,380.223,299.591,3.1234,-2.26293,3.8570039855955556
10,111,555.694,301.323,2.60971,-2.96735,3.9516771511093873
11,111,669.913,302.141,4.60669,-4.39076,6.363989796794146
12,111,783.263,303.491,4.20179,-3.62471,5.549194697269145
13,111,835.721,304.641,2.92955,-4.35298,5.246970371833635
14,111,803.1,305.248,1.84454,-2.4652,3.0788859757386273
15,111,465.462,304.622,0.722228,-4.2264,4.287664894086757
16,111,484.016,305.223,2.6556,-0.0363388,2.6558486154872307
17,111,362.397,304.862,-1.21255,4.10732,4.2825640783180345
18,111,275.754,303.848,4.3171,-3.8294,5.770758769000833
19,111,97.6912,302.6,0.556067,-4.59025,4.62380855691377
20,111,10.0078,301.869,2.26546,-6.22295,6.622493164518934
21,111,0.0,299.682,-0.348269,-2.41819,2.443140227752185
22,111,45.5352,298.887,0.272783,-1.87296,1.892720192392156
23,111,40.6748,298.375,1.61069,-3.1707,3.5563549831393377
24,111,43.4551,297.736,2.22018,-3.13906,3.8448533022730533
1,112,43.7969,299.765,-0.152527,-1.02863,1.0398769939896737
2,112,39.5459,299.037,-0.800264,-1.54701,1.7417412005794661
3,112,37.3203,298.605,0.30699,0.696754,0.761386233534597
4,112,38.6416,298.308,,0.763363,0.763363
5,112,0.0,297.98,,-0.0411263,0.0411263
6,112,12.9141,297.57,2.47912,-0.617583,2.554886442934206
7,112,76.8516,297.513,4.10057,0.224872,4.10673127210486
8,112,204.138,298.67,-0.146221,-4.08689,4.089504915382912
9,112,414.645,300.16,4.46422,-4.31323,6.207512645279106
10,112,534.975,301.466,4.46225,-4.10163,6.060944127724657
11,112,663.773,302.466,4.84497,-3.66615,6.075721366504556
12,112,794.138,303.773,6.57337,-3.28877,7.3501837575532765
13,112,831.689,305.013,0.974476,-2.49898,2.6822573543521138
14,112,803.429,306.002,2.86944,0.736951,2.9625635334961173
15,112,714.962,306.62,2.42584,-3.11116,3.945125631865226
16,112,479.141,306.662,2.4056,-3.09493,3.919885593343255
17,112,429.913,306.595,1.50082,3.829,4.112627101063261
18,112,242.925,306.197,2.84542,-4.76788,5.5523953993569295
19,112,99.9959,305.55,2.95255,-3.34123,4.4588529259664975
20,112,7.16016,304.029,2.89779,-5.01494,5.79196081544929
21,112,0.0,302.425,0.971066,-4.92991,5.024637477913805
22,112,43.1973,301.31,-1.77312,-1.46085,2.2973979317697664
23,112,38.4385,300.572,1.31528,-4.56621,4.7518665009130885
24,112,41.3359,299.947,-2.11967,-2.14199,3.013490014750339
1,113,44.459,300.061,0.514954,0.10125,0.524813476023625
2,113,39.0547,299.493,-0.421358,-0.473766,0.634032165524747
3,113,34.8613,299.0,-0.0704517,1.76072,1.7621289284365347
4,113,37.8828,298.625,,-0.951969,0.951969
5,113,0.0,298.382,,-3.0172,3.0172
6,113,11.8945,298.0,1.85558,-2.49942,3.112921051488457
7,113,78.5234,297.639,5.20799,-2.80638,5.915989227889111
8,113,199.318,298.395,1.83376,0.451192,1.8884517358047572
9,113,359.677,299.95,2.9193,0.149664,2.9231339009521955
10,113,528.46,301.263,4.84604,-3.48591,5.969562145559757
11,113,678.101,302.444,4.05884,-4.42494,6.00452130891381
12,113,791.341,303.819,6.0807,-3.95039,7.251240834650302
13,113,825.002,305.013,2.34557,-2.38423,3.344585373076908
14,113,796.554,306.201,3.08624,-3.37096,4.570366359407088
15,113,709.978,306.95,1.84918,-3.86507,4.284650834933927
16,113,466.5,307.193,2.3636,6.93241,7.324268794091325
17,113,429.225,306.901,2.29575,2.76748,3.595749381269501
18,113,271.472,306.901,3.55392,-3.42608,4.936433077921749
19,113,101.66,306.158,3.32999,-4.52971,5.622019751317136
20,113,6.86328,304.986,2.79916,-5.02177,5.74921478451623
21,113,0.0,302.887,-0.110476,-3.96507,3.9666087595672956
22,113,43.3164,301.686,-3.42351,-3.97745,5.247907127855828
23,113,38.2236,301.131,1.27036,-4.3455,4.527381669309536
24,113,41.46,300.638,-1.93803,-2.61758,3.256944171658458
1,114,47.6729,294.799,0.945129,,0.945129
2,114,42.1992,294.606,-0.373507,,0.373507
3,114,40.0781,294.113,1.66978,1.23875,2.0791024051017786
4,114,41.2578,294.484,2.5964,1.32733,2.916007182587176
5,114,0.0,294.826,,-0.597279,0.597279
6,114,26.3086,295.812,1.63439,-0.912993,1.8721076064556226
7,114,163.914,297.618,,-0.903546,0.903546
8,114,336.576,299.372,0.699482,,0.699482
9,114,466.02,299.9,,-0.422602,0.422602
10,114,622.366,302.314,,-0.824776,0.824776
11,114,763.82,303.328,0.807373,-3.23451,3.3337525554889345
12,114,826.919,304.473,-0.825066,-2.3415,2.48261075369378
13,114,840.924,305.505,-2.19642,,2.19642
14,114,808.46,305.985,6.52813,5.57875,8.587137640646038
15,114,722.869,304.254,-4.89545,3.78874,6.190313521147375
16,114,587.328,303.062,-4.05339,6.7703,7.890939904859243
17,114,430.725,302.168,-3.54117,5.14736,6.2478156133564
18,114,260.769,301.568,-3.40848,,3.40848
19,114,98.4803,300.062,-3.17782,-0.466229,3.211838948770782
20,114,6.29688,298.706,-2.4777,-1.99736,3.182521682502729
21,114,0.0,297.924,-1.32727,2.14724,2.5243385807969583
22,114,49.5596,297.049,-1.81511,-1.59073,2.413513257680595
23,114,40.0557,296.638,-1.25552,-1.283,1.7951098769713232
24,114,40.668,296.418,,-3.62246,3.62246
1,115,43.1934,298.879,0.336731,0.0895309,0.34843011984587385
2,115,38.5068,298.616,2.53665,-1.09437,2.762650705282881
3,115,34.498,298.009,2.11949,-1.74709,2.7467364868512596
4,115,37.9326,297.941,,-2.51447,2.51447
5,115,0.0,297.512,2.84428,-2.05577,3.509432861774107
6,115,11.8066,297.148,1.12755,-0.867583,1.4226978823309608
7,115,79.0703,297.233,1.55516,-3.35374,3.6967681308407756
8,115,191.334,298.422,1.07692,-1.88963,2.174961660190818
9,115,403.786,299.933,2.03453,-2.10082,2.9245097013516643
10,115,596.835,301.433,3.73081,-1.34724,3.966610501889491
11,115,700.976,302.233,5.16577,-3.53481,6.259397848755102
12,115,801.138,303.558,6.00648,-3.37861,6.8915025591303385
13,115,839.752,304.733,5.63756,-2.82515,6.3058350181478735
14,115,809.241,305.651,3.0501,-3.14537,4.381376775272813
15,115,689.447,305.77,2.7691,-4.09017,4.939372980338698
16,115,456.313,305.895,5.01302,5.59257,7.510473269062343
17,115,415.694,305.767,1.9144,3.34658,3.855453936490488
18,115,258.074,305.075,2.67404,-4.10967,4.903047769551099
19,115,100.519,304.179,2.71036,-3.84904,4.707564152637753
20,115,8.0625,302.811,3.5638,-5.71318,6.7335797427816955
21,115,0.0,301.198,-1.32337,-3.87132,4.091262237904092
22,115,43.6348,300.645,0.584307,-2.00479,2.088204399561738
23,115,39.584,299.841,0.253761,-2.97343,2.984238698566353
24,115,41.6045,299.216,-2.314,1.5875,2.8061988970848093
1,116,40.2246,296.658,-0.184753,-2.91682,2.922665321826808
2,116,36.9365,296.249,-0.68796,-3.15443,3.2285782608603437
3,116,32.8564,295.919,1.78795,-4.95071,5.263676918903743
4,116,37.7607,296.102,2.60519,-1.31623,2.9188142025486994
5,116,0.0,295.67,2.12993,-5.06505,5.494664075937673
6,116,14.5156,295.853,-0.051156,-2.74844,2.7489160354466993
7,116,126.445,296.8,3.6118,0.839618,3.7081070138176973
8,116,287.943,298.301,1.00222,-3.70506,3.83821762436681
9,116,442.067,299.933,3.48473,-4.63989,5.802751277196017
10,116,599.303,301.117,5.24643,0.41497,5.262815581587484
11,116,715.351,302.19,-2.63013,-5.1266,5.761910392994671
12,116,793.779,303.375,-2.80895,-5.01631,5.749223088261578
13,116,829.017,304.367,2.89537,-2.84127,4.056597422693063
14,116,802.96,305.007,2.81671,-4.17614,5.037261212573753
15,116,712.681,305.419,-0.501893,-4.01888,4.050097904723909
16,116,604.531,305.323,0.081377,-3.59591,3.596830680505964
17,116,452.1,304.573,2.90219,-0.558691,2.9554766839853435
18,116,288.129,304.014,2.00167,-4.33135,4.77150663956365
19,116,119.168,302.587,2.28165,-5.36955,5.8342089373796
20,116,9.98828,301.087,2.02279,-3.24736,3.825836686752324
21,116,0.0,299.813,2.04529,-1.95432,2.8288827912269534
22,116,45.9707,299.196,1.10579,-3.31436,3.4939596067642227
23,116,40.7334,298.149,-1.22134,-2.46269,2.748911317540091
24,116,41.7285,296.888,-0.133339,-1.75918,1.764226051650128
1,117,45.0342,294.588,-0.381531,,0.381531
2,117,38.7441,294.176,1.70901,,1.70901
3,117,36.7754,293.752,0.636091,,0.636091
4,117,35.4043,293.098,0.890837,,0.890837
5,117,0.0,293.459,0.281782,,0.281782
6,117,24.6816,294.874,1.3883,-1.77725,2.2552149459641315
7,117,152.922,296.633,4.65428,,4.65428
8,117,329.404,298.17,,-1.85887,1.85887
9,117,498.567,299.552,,-1.10766,1.10766
10,117,651.303,300.679,,-0.997627,0.997627
11,117,754.116,301.679,-2.59448,-1.24232,2.876575299344691
12,117,806.669,302.842,-1.34655,,1.34655
13,117,791.424,300.437,-4.40248,,4.40248
14,117,427.804,299.45,-4.01679,,4.01679
15,117,678.244,300.591,-4.34369,,4.34369
16,117,480.453,299.856,-2.44499,,2.44499
17,117,420.819,299.689,-2.84439,,2.84439
18,117,250.699,298.829,-2.19022,5.94208,6.332880732715562
19,117,95.5115,297.829,-1.33749,4.76131,4.945599297981995
20,117,6.51953,296.45,-2.31266,0.944047,2.497923340258664
21,117,0.0,295.954,-0.886844,1.97536,2.1653035375983665
22,117,44.8232,296.0,2.31478,5.41025,5.884642003631146
23,117,38.0908,295.956,-4.52602,-5.27714,6.952198473864221
24,117,38.918,296.088,-1.92533,,1.92533
1,118,45.1787,296.157,-0.076355,0.836113,0.8395921836189282
2,118,41.8506,295.777,0.24954,1.29967,1.3234093548483026
3,118,39.083,295.394,3.60093,-1.18948,3.7923026692630954
4,118,39.7627,295.87,,0.488461,0.488461
5,118,0.0,295.874,,-0.906361,0.906361
6,118,18.7305,296.125,5.90148,-1.58487,6.110587460081068
7,118,125.984,297.129,0.0634632,-1.00609,1.0080896120158365
8,118,248.326,298.009,3.42116,-3.74705,5.073925447629281
9,118,455.848,299.379,-1.22719,-5.34008,5.479274559875605
10,118,608.163,300.75,1.49643,,1.49643
11,118,729.257,301.759,-3.22046,-4.88832,5.853805175610135
12,118,821.951,303.134,-3.31579,-2.60225,4.214993284288838
13,118,847.924,304.134,4.20397,2.1978,4.743805286992711
14,118,814.35,304.629,3.45342,-3.17614,4.69190526289694
15,118,725.478,304.888,0.622619,-2.6014,2.674871282727638
16,118,565.375,304.749,2.06771,7.44218,7.72408362179618
17,118,397.538,303.884,1.29868,4.80361,4.976066596670507
18,118,274.113,303.009,0.541225,5.54169,5.5680564433853394
19,118,109.738,301.759,0.809484,-4.60295,4.67358674347187
20,118,7.14062,301.143,0.433434,-4.74834,4.7680811431807655
21,118,0.0,299.254,-2.56165,0.0466537,2.5620748018400423
22,118,46.4541,298.259,-3.6989,-3.63272,5.184449421915504
23,118,37.3086,297.879,-1.08657,-3.66581,3.823453585568942
24,118,38.4951,297.0,0.962364,-2.09219,2.302911953287837
1,119,,,,,0.0
2,119,,,,,0.0
3,119,,,,,0.0
4,119,,,,,0.0
5,119,,,,,0.0
6,119,,,,,0.0
7,119,,,,,0.0
8,119,,,,,0.0
9,119,,,,,0.0
10,119,,,,,0.0
11,119,,,,,0.0
12,119,,,,,0.0
13,119,,,,,0.0
14,119,,,,,0.0
15,119,,,,,0.0
16,119,,,,,0.0
17,119,,,,,0.0
18,119,,,,,0.0
19,119,,,,,0.0
20,119,,,,,0.0
21,119,,,,,0.0
22,119,,,,,0.0
23,119,,,,,0.0
24,119,,,,,0.0
1,120,44.1572,296.029,1.03107,-0.969551,1.415321336835208
2,120,40.6416,295.987,1.00686,0.493519,1.1213064090430414
3,120,40.4854,295.348,,,0.0
4,120,41.6797,295.002,,-2.23175,2.23175
5,120,0.0,294.893,,-5.66808,5.66808
6,120,17.8047,295.307,,-3.00821,3.00821
7,120,110.102,295.786,,-2.18187,2.18187
8,120,257.037,296.79,4.32546,-2.03953,4.782184316031744
9,120,468.02,298.447,4.11852,-4.11743,5.823696145516179
10,120,634.928,299.773,3.58042,-3.20515,4.805454598568173
11,120,752.835,300.979,1.3938,-4.14418,4.372288452561199
12,120,819.576,302.261,1.04993,-3.46699,3.6224815617198107
13,120,824.955,303.44,1.06627,-3.88619,4.029814441013382
14,120,706.147,303.855,-0.535833,5.49281,5.518883827368447
15,120,685.197,304.217,-1.36078,-2.41292,2.7701814263329396
16,120,589.172,303.861,2.19856,3.75761,4.353538673963975
17,120,427.507,303.267,2.06039,-0.120214,2.0638939793254885
18,120,181.754,302.294,-1.36991,-3.42901,3.6925279942337603
19,120,83.4881,301.458,-1.78329,-1.8715,2.5850793941579435
20,120,6.37891,300.328,-0.504555,-0.477828,0.6949067171995101
21,120,0.0,298.975,-1.0138,-0.826393,1.3079433590370035
22,120,45.8447,297.719,0.115557,-2.21085,2.213867914476607
23,120,37.8125,296.955,0.625343,-4.37871,4.423138606436497
24,120,43.4033,296.214,1.26998,-5.68496,5.825085355769476
1,121,40.7891,296.63,1.62091,-3.27961,3.658304385941662
2,121,36.7969,296.684,1.49466,-3.73011,4.0184237118178565
3,121,31.3174,296.03,2.59605,-1.71389,3.1107707299960246
4,121,37.3809,295.936,,-0.774235,0.774235
5,121,0.0,295.652,2.38481,-2.57531,3.5099202743367264
6,121,15.8262,296.023,4.00255,-3.86319,5.562790979229761
7,121,120.641,296.588,3.87645,-4.88548,6.23656792097224
8,121,262.349,297.726,5.78054,-4.47703,7.311527905472289
9,121,436.755,299.395,3.45396,-2.38745,4.198780440092099
10,121,520.225,300.832,5.63901,-3.39558,6.582430957974417
11,121,695.288,301.725,3.77808,-5.41957,6.606483744875182
12,121,817.388,302.844,4.25013,-4.59004,6.2555633014541545
13,121,842.58,303.798,1.59362,-0.986285,1.8741352154060282
14,121,755.069,304.219,1.2962,-3.85924,4.07110154842642
15,121,724.041,304.505,-0.969666,-1.1639,1.5148978056476285
16,121,589.094,304.315,-1.48308,-4.79708,5.021105736070493
17,121,427.022,303.755,-0.156403,-1.56943,1.5772039891241083
18,121,269.371,303.13,-0.139927,-3.19463,3.197692981233345
19,121,108.199,301.93,0.865149,-3.05021,3.170530529154545
20,121,9.83594,300.497,2.32113,-5.3206,5.804862516623455
21,121,0.0,299.881,2.2113,-4.70335,5.197244357589895
22,121,44.9619,299.108,1.17415,-6.08682,6.199032661222233
23,121,40.293,298.726,1.16587,-5.06425,5.196718283628621
24,121,39.7969,297.443,0.286583,-5.3539,5.361564606147072
1,122,48.2002,295.302,0.959778,,0.959778
2,122,43.7451,294.765,1.00442,,1.00442
3,122,42.3398,294.695,3.68931,,3.68931
4,122,41.8086,294.81,,4.04412,4.04412
5,122,0.0,295.281,,-0.0333138,0.0333138
6,122,23.0566,295.493,0.878043,,0.878043
7,122,154.836,296.942,0.931139,0.736102,1.1869566090321078
8,122,316.295,298.437,2.50173,,2.50173
9,122,469.192,300.707,1.63316,-1.87573,2.4870815464113756
10,122,635.6,302.225,,,0.0
11,122,746.851,303.16,1.32642,-2.83656,3.1313675367161866
12,122,803.779,304.46,-1.16589,-2.89131,3.117526745386477
13,122,834.08,305.615,-0.166149,-2.37154,2.377353036846021
14,122,803.366,306.262,5.63409,4.37611,7.133954643828344
15,122,713.541,305.727,-3.38959,8.22575,8.896756905221137
16,122,426.391,302.94,-7.79069,6.76933,10.320788696848705
17,122,418.46,302.673,-5.5065,4.98232,7.425971642310519
18,122,260.925,302.143,-4.25907,3.43037,5.468739855012305
19,122,100.418,300.595,-4.11386,4.67733,6.22906574283014
20,122,6.25781,299.25,-1.16715,-2.25029,2.534964340301457
21,122,0.0,298.297,-1.35852,-3.88108,4.111977450910936
22,122,55.2217,297.585,-1.1364,-3.53702,3.715092924867425
23,122,44.335,297.53,,-3.39335,3.39335
24,122,48.1465,296.81,-1.69389,0.994729,1.9643699029309627
1,123,34.3184,295.654,3.65363,0.186699,3.6583970114656776
2,123,30.3486,295.685,3.11526,-0.499157,3.1549964466301703
3,123,31.5693,295.446,2.97642,0.124977,2.979042676251718
4,123,34.0605,295.157,3.04562,1.03582,3.2169433095409063
5,123,0.0,294.935,3.14555,-1.68908,3.5703607729331783
6,123,5.75391,294.807,2.75451,-1.27627,3.0358179215822543
7,123,55.1484,295.146,2.33251,-1.81761,2.9570777825752232
8,123,107.646,295.81,3.61306,-0.982402,3.744237739941736
9,123,214.677,296.893,2.62389,-1.12914,2.8565286400979772
10,123,376.256,298.015,4.61655,-0.930733,4.709437102222409
11,123,501.116,299.116,1.16089,-0.538223,1.279589617740391
12,123,624.091,300.354,3.13538,-1.82832,3.629512607334489
13,123,692.767,301.654,1.26549,-0.522418,1.3690819941931893
14,123,804.319,302.446,2.70538,-0.434436,2.7400393395891234
15,123,738.072,303.107,0.607482,0.904952,1.089941513397852
16,123,572.922,303.31,-1.28288,2.01737,2.3907243277509016
17,123,367.475,302.667,3.59604,0.0057621,3.596044616435732
18,123,293.074,302.071,1.7839,-1.81573,2.545422291663998
19,123,144.449,301.074,3.35294,-1.21135,3.565049153391857
20,123,22.5469,299.57,4.8558,-3.96025,6.265969494220347
21,123,0.0,297.566,2.70544,-2.28831,3.5434119503241504
22,123,46.7656,296.482,2.40267,0.356536,2.428979425231099
23,123,39.0742,295.865,2.72398,-0.942182,2.8823209331238604
24,123,34.415,295.639,2.72799,0.618752,2.797281444117485
1,124,34.1455,294.697,2.11652,1.01092,2.345552420390557
2,124,30.5234,294.166,2.27395,1.41784,2.679760972195095
3,124,33.9453,294.91,0.842634,-1.07571,1.3664494363334487
4,124,33.7393,294.91,0.298552,1.06707,1.1080485917160854
5,124,0.0,294.678,3.47075,-2.78917,4.452591925092619
6,124,6.95703,294.758,1.56554,-1.45401,2.136600236754644
7,124,77.1719,295.302,0.428698,1.6736,1.7276339123795874
8,124,185.896,296.309,1.6819,1.57326,2.3030272767815845
9,124,389.505,297.421,6.24693,-1.33862,6.388743063334132
10,124,458.038,298.34,4.39487,-2.50788,5.060073557894193
11,124,585.476,299.198,1.73022,-1.99672,2.6420734294867736
12,124,728.013,300.397,-0.54821,-3.08027,3.1286734372573943
13,124,822.127,301.472,3.13463,-2.13082,3.7902901088571044
14,124,802.132,302.24,1.48614,-3.16979,3.5008828520388966
15,124,724.869,302.616,0.850646,-2.36556,2.5138561476178385
16,124,610.453,302.865,1.78255,-2.01192,2.6879930410810218
17,124,463.882,302.74,2.89828,-4.86728,5.664842588881001
18,124,296.941,301.921,2.90841,-2.3792,3.7575845124361473
19,124,132.504,300.259,3.37443,-2.51799,4.210350515693438
20,124,16.875,297.863,3.35921,-1.99834,3.9086640402700255
21,124,0.0,296.965,4.41687,-0.551003,4.451106031416124
22,124,44.0977,295.561,2.70735,-0.376863,2.7334538121704197
23,124,37.0449,294.807,2.63706,-1.4832,3.0255524592378165
24,124,37.874,294.505,5.60885,-0.0853491,5.609499335178748
1,125,32.4072,296.521,2.07941,0.378593,2.1135937660177277
2,125,33.083,296.25,2.49222,0.506702,2.5432081010416745
3,125,32.707,295.875,1.3441,0.529274,1.4445538332218708
4,125,32.8721,295.521,1.5759,-0.0169106,1.5759907291581257
5,125,0.0,295.414,6.07719,-1.16222,6.187325239915872
6,125,2.11328,295.25,2.97423,-0.308501,2.9901867767584354
7,125,21.0469,295.151,3.38378,1.58669,3.737318857750834
8,125,67.6071,295.664,1.32546,1.37697,1.9112536703692684
9,125,150.145,296.768,3.4149,-1.25121,3.6369036932671173
10,125,342.897,298.125,1.57553,-1.86774,2.443511303125075
11,125,480.601,299.496,2.14478,-2.43031,3.2413713061758287
12,125,690.763,300.915,1.26624,-1.97627,2.3471273613717685
13,125,808.017,302.147,2.7567,-1.39351,3.088893816579003
14,125,831.444,303.125,2.54376,-0.721057,2.6439814929096985
15,125,770.009,303.586,1.67682,-0.132646,1.6820583443257848
16,125,644.922,303.711,1.35384,1.50956,2.027721415579566
17,125,496.038,303.483,1.0018,-0.0323238,1.0023213397141857
18,125,316.504,302.961,4.47091,-2.72003,5.2333162936134485
19,125,152.48,301.608,4.65812,0.495685,4.68441944680715
20,125,21.9258,299.84,4.1014,-2.34404,4.723981951870688
21,125,0.0,298.573,1.1112,-1.99534,2.283888604026037
22,125,47.5,297.716,-1.35417,-0.0116282,1.3542199245082907
23,125,39.7168,296.613,-0.324852,0.0763731,0.3337089634810698
24,125,41.0645,296.113,1.18795,0.932229,1.5100583137551344
1,126,43.624,294.912,3.25079,-1.04816,3.4155929221293335
2,126,39.832,295.014,3.86282,-0.437145,3.8874765727171914
3,126,37.6025,294.788,2.58775,1.36033,2.9235163367766566
4,126,39.0693,294.662,4.30588,1.21209,4.473227553176788
5,126,0.0,294.889,2.62016,1.34462,2.945036734915203
6,126,3.05273,294.889,2.69787,0.945405,2.858722293424984
7,126,40.6641,295.288,3.34667,1.2737,3.580853498664809
8,126,143.881,296.156,2.28444,-0.664042,2.3789951431989094
9,126,251.239,297.086,0.965683,-2.0852,2.2979561998630436
10,126,441.21,298.109,2.19956,-0.978096,2.4072257847605405
11,126,654.601,299.352,2.97632,-0.15004,2.9800994520317605
12,126,791.529,300.727,2.43714,-1.0334,2.647180941983377
13,126,835.049,302.227,-0.00989914,-0.0307188,0.032274411631811356
14,126,819.288,302.815,5.41827,-1.70055,5.678866092399081
15,126,756.259,302.727,4.51178,-0.701005,4.565913575444131
16,126,645.219,302.845,3.99642,-2.20333,4.5635551826728245
17,126,498.835,302.338,4.17465,-4.20127,5.922699742127739
18,126,330.043,301.689,5.12326,-2.69366,5.788229195807644
19,126,157.637,300.514,4.06827,-3.73381,5.521970473390817
20,126,28.2305,298.544,3.62875,2.83663,4.605897992726282
21,126,0.0,297.476,3.05896,-0.341042,3.0779125925477477
22,126,37.9561,296.655,1.99739,-0.231355,2.0107441279598457
23,126,30.2188,296.023,3.48374,-0.162885,3.48754582920784
24,126,26.3242,295.602,3.39498,-0.597068,3.4470827371886505
1,127,32.7881,295.618,2.31427,0.804375,2.450074442445576
2,127,29.293,296.231,0.358427,-0.115856,0.37668624485770646
3,127,31.7432,296.031,0.328962,1.81345,1.8430455501544176
4,127,33.6982,295.858,1.87424,0.74725,2.0177111141340327
5,127,0.0,295.812,2.86284,0.0238152,2.862939054424847
6,127,4.94531,295.136,2.03722,-1.17911,2.3538406319247698
7,127,51.0547,295.582,3.53661,1.73659,3.939968923760694
8,127,112.381,296.58,4.56179,-2.09227,5.018717142557449
9,127,298.192,297.698,5.05553,-1.14477,5.183520226043302
10,127,444.756,298.619,5.20249,-1.45417,5.401898979895867
11,127,613.085,299.539,4.64087,-3.20229,5.638469260446491
12,127,690.232,300.786,3.03675,-1.7375,3.4986792954627894
13,127,771.877,301.901,4.8485,-0.694293,4.8979582501128975
14,127,773.882,302.759,-0.528509,-1.20006,1.311284014499147
15,127,714.15,303.408,1.38238,-2.2386,2.631027256491274
16,127,606.75,303.289,-0.91667,-1.78048,2.002596544314406
17,127,445.46,303.098,-1.215,0.805567,1.457793946855659
18,127,237.363,302.737,0.585171,-3.31085,3.36216490103341
19,127,98.2225,301.237,4.06193,-2.12834,4.58575037267621
20,127,17.0664,299.093,3.56625,-1.15849,3.749698406885546
21,127,0.0,298.418,5.19763,-3.90745,6.502578190179646
22,127,43.1768,296.517,1.28841,-1.4003,1.902850603200367
23,127,35.7305,296.122,0.319191,0.0656309,0.3258685463738561
24,127,41.4395,294.696,0.163536,1.15489,1.1664111348045336
1,128,32.3867,297.108,2.59796,1.38299,2.9431373569203325
2,128,28.8994,297.058,3.07718,1.29186,3.337355092284907
3,128,31.9395,296.797,2.34849,1.40134,2.7348051257265116
4,128,33.5586,296.546,2.43771,1.11053,2.678751000933084
5,128,0.0,296.307,4.41704,1.36366,4.622749285565896
6,128,3.82617,295.656,4.62072,-0.987212,4.725001677390602
7,128,35.9375,295.602,5.11034,1.38845,5.295598957445701
8,128,73.7556,296.333,1.85476,-3.65867,4.10195085617807
9,128,163.317,297.47,5.12877,-0.824457,5.194613658179885
10,128,296.225,298.564,3.6185,-1.91804,4.095414471283706
11,128,453.476,299.614,3.29077,-2.79115,4.315053361825321
12,128,612.091,300.739,4.51966,-2.23066,5.040155806242502
13,128,752.627,301.739,2.04772,-0.263629,2.0646204125797554
14,128,809.366,302.668,0.583307,-2.82848,2.8880003751123366
15,128,727.212,303.482,0.0645132,-1.2303,1.2319902771427378
16,128,594.781,303.925,-0.35417,-1.63497,1.6728906987009045
17,128,430.147,304.158,1.25815,-1.3751,1.8638244103187405
18,128,287.238,303.873,2.23166,-3.04424,3.774613030921183
19,128,130.168,303.098,2.81583,-2.39982,3.699734398750808
20,128,17.1211,301.641,2.18197,-2.01005,2.9666975045326076
21,128,0.0,300.12,2.96863,-2.76389,4.0560882644488885
22,128,39.3984,298.609,0.493486,-2.72159,2.7659682862057546
23,128,35.4893,297.872,0.432961,-1.05449,1.1399142018682809
24,128,39.3291,297.548,1.26705,-0.00527096,1.2670609636159271
1,129,38.793,295.786,1.45294,-1.78791,2.3038352397035684
2,129,36.6738,295.746,1.55911,-0.852184,1.7768065628976049
3,129,36.2969,295.444,1.0565,-1.70217,2.0033908652332424
4,129,37.7168,295.045,-0.0915852,-1.06427,1.0682033896964753
5,129,0.0,295.194,1.58891,-1.05577,1.9076910863659242
6,129,2.36523,294.944,1.48205,-1.27432,1.9545750599299072
7,129,30.1875,295.161,2.82665,-1.01878,3.004640229861139
8,129,111.787,295.935,3.3406,-0.54246,3.384356838691806
9,129,247.927,297.261,1.55894,-1.5476,2.196670135363979
10,129,324.147,298.419,2.07065,-2.0196,2.892468769494323
11,129,557.351,299.536,0.778564,-1.55287,1.737114601572389
12,129,746.498,301.194,-1.01647,-0.91914,1.3704122009453943
13,129,819.58,302.286,3.79869,1.24858,3.9986244800556103
14,129,812.585,302.009,4.58038,-1.92467,4.968323213449382
15,129,751.291,302.4,3.95221,-1.22444,4.137537576590695
16,129,642.828,302.275,3.88021,-0.346886,3.8956847332780917
17,129,499.788,301.101,3.74203,-1.39268,3.9927867590568873
18,129,333.785,300.509,3.47824,-1.34307,3.7285373167637736
19,129,163.168,299.476,2.68351,-2.40373,3.6026578845346946
20,129,27.3633,297.516,1.06283,-2.41337,2.6370366637193348
21,129,0.0,296.925,-0.193484,-2.36155,2.3694629055454737
22,129,46.7471,295.639,0.306963,-0.698152,0.7626549012974347
23,129,38.3096,295.297,0.276222,-1.03984,1.075902327762144
24,129,28.6416,295.159,0.369591,-0.366599,0.5205692404301276
1,130,36.3906,296.301,1.78204,-1.97492,2.6600705945519567
2,130,34.249,296.011,2.11331,-1.57777,2.63731631189738
3,130,33.7002,295.853,1.58385,-1.72707,2.343363311012614
4,130,33.8291,295.489,1.34054,-1.41632,1.9501307222850472
5,130,0.0,295.625,1.36333,-1.41759,1.966781659717214
6,130,3.33789,295.614,3.03673,-1.36124,3.3278677002699495
7,130,34.7422,295.497,2.00731,2.64382,3.319499605136292
8,130,84.4665,296.014,1.88796,-0.100566,1.8906365282507371
9,130,255.677,297.187,2.07555,-1.72094,2.6962088728620413
10,130,378.319,298.187,2.35678,-2.16755,3.2019814132658544
11,130,461.288,299.106,0.465576,-0.892715,1.00682723592531
12,130,639.669,300.522,-0.827019,-0.536327,0.985701312411625
13,130,783.049,301.776,2.27037,-2.45845,3.346424411128989
14,130,788.554,302.412,1.90215,-0.937366,2.120572950986596
15,130,719.181,303.276,-0.553163,1.70036,1.7880753435381296
16,130,616.656,304.242,-0.0533886,2.03886,2.0395588842222625
17,130,467.288,303.614,4.01352,1.42471,4.2588896879938085
18,130,306.613,302.678,5.09347,0.319037,5.103451895361511
19,130,151.34,301.463,2.90421,1.28963,3.177669155371591
20,130,22.8945,299.871,2.10336,-4.42412,4.898669315640729
21,130,0.0,298.383,2.02087,-3.44651,3.9952905697833794
22,130,49.3359,297.155,-0.0270214,-1.43057,1.430825174840714
23,130,38.875,296.431,1.41929,0.213092,1.4351976534833104
24,130,40.5586,295.96,0.7817,0.192971,0.8051662541618345
1,131,33.666,296.321,3.18536,1.25652,3.424231423253983
2,131,29.9951,296.321,2.65335,1.19567,2.9103080543818725
3,131,32.4854,296.092,2.3397,2.145,3.1741488764706673
4,131,33.6035,295.962,2.0383,1.44207,2.4968445636242556
5,131,0.0,295.717,4.23588,2.15858,4.754171535693679
6,131,3.7832,295.579,2.9342,0.714448,3.019928076081283
7,131,32.1562,295.836,4.62059,0.801532,4.689595451115586
8,131,115.631,296.179,4.26638,0.566915,4.30388091396881
9,131,187.489,297.179,4.43004,-3.56469,5.686147131204046
10,131,351.913,298.654,3.03745,-1.28474,3.29797807301686
11,131,585.945,299.586,4.15454,-1.36586,4.373302659455438
12,131,652.451,300.586,2.86195,-2.53486,3.823123464145515
13,131,786.752,301.606,3.43834,-2.11275,4.035578585296042
14,131,796.522,302.25,0.179987,-1.4691,1.480084501023168
15,131,729.634,303.074,-0.844666,-0.758134,1.1350012394319224
16,131,483.922,303.352,-0.915693,-1.91036,2.118482711718224
17,131,342.569,302.615,0.0154724,1.37783,1.3779168712450547
18,131,246.574,302.981,0.5798,-2.24249,2.3162317328151776
19,131,130.019,301.533,4.08829,-1.61662,4.396313836442981
20,131,19.1797,299.643,1.05257,-1.65947,1.9651321293490673
21,131,0.0,298.466,3.18542,-3.1721,4.495455370304548
22,131,43.4707,296.389,0.332354,-0.87198,0.933171099914694
23,131,37.2021,295.718,1.55503,-2.58085,3.0131221388121654
24,131,40.1367,294.622,0.330528,1.6041,1.6377990013380763
1,132,43.0635,294.639,2.7713,-0.973457,2.9372984562092084
2,132,38.6572,294.732,3.93362,-0.924938,4.040900469974978
3,132,34.4287,294.623,2.74107,0.309059,2.7584383644339416
4,132,35.7305,294.572,3.37424,-0.706852,3.4474824622474873
5,132,0.0,294.873,2.98393,-1.42882,3.3083779767886257
6,132,4.30664,294.873,1.6549,-1.85586,2.486545867182023
7,132,58.875,295.153,1.43846,1.3235,1.9546916436103163
8,132,145.763,296.123,2.20436,-1.32713,2.573028769077408
9,132,272.145,297.181,0.229355,-1.72289,1.7380890852096738
10,132,420.413,298.403,1.91147,-1.80134,2.626507825326245
11,132,601.476,299.623,1.86792,0.178085,1.8763899897476004
12,132,762.169,300.917,1.45618,0.736134,1.6316719824633872
13,132,820.502,301.578,3.06237,0.0967226,3.0638970737038087
14,132,815.647,301.594,3.19171,2.37416,3.9778949746945305
15,132,742.244,302.873,3.74225,-1.847,4.173229452414521
16,132,640.828,302.33,4.82747,-1.14376,4.96111414286146
17,132,494.882,300.925,5.82211,3.85537,6.98289643980204
18,132,327.121,300.028,5.19308,3.70966,6.381979097584072
19,132,157.972,299.477,4.28263,1.96736,4.712899859587513
20,132,27.7305,297.706,1.83089,-0.0911093,1.8331555025819521
21,132,0.0,296.738,-0.235965,2.17068,2.183467687790456
22,132,32.9736,296.067,2.29231,-0.394441,2.3259984605715025
23,132,24.6445,295.298,2.63657,1.22676,2.907996124911448
24,132,23.7881,295.551,4.22701,0.89219,4.32014080050639
1,133,41.2549,296.963,2.53009,-1.53156,2.9575380710482833
2,133,39.9023,296.588,3.33401,-1.8058,3.791640320507735
3,133,38.9971,296.446,1.30406,-1.8008,2.2233877582644013
4,133,38.2188,295.626,1.07834,-2.57941,2.7957419594268713
5,133,0.0,295.751,1.41069,-2.22472,2.634278905981673
6,133,3.23047,295.501,1.25988,-2.55997,2.8531989091719487
7,133,49.2969,295.75,0.792955,-1.55589,1.7463021857986092
8,133,164.302,296.149,1.20778,-1.78269,2.1533035467625092
9,133,359.614,297.273,-0.160782,-1.802,1.80915860319763
10,133,440.506,297.956,0.535494,0.221611,0.5795388333468259
11,133,670.726,298.175,-0.419678,-1.36147,1.424685995082425
12,133,874.169,298.841,-0.419304,-2.29414,2.332143688544083
13,133,939.549,299.506,0.496937,-1.57027,1.6470258816633696
14,133,893.257,299.503,2.21465,-0.784045,2.349340585041896
15,133,816.337,299.982,3.69781,-1.93001,4.171179377130645
16,133,722.625,300.425,3.55306,0.886513,3.661985890574812
17,133,557.382,300.138,4.11948,-2.2335,4.686004451598398
18,133,359.8,300.06,3.87472,-1.29815,4.086397986111974
19,133,162.824,299.878,3.22062,-3.59123,4.823828987153255
20,133,25.2773,299.429,3.7557,-3.52763,5.152616413716434
21,133,0.0,298.589,1.96032,-3.40842,3.931943717654158
22,133,49.335,298.373,1.51692,-2.9794,3.343332266826018
23,133,39.5371,297.998,2.72593,-2.75663,3.876816132059915
24,133,31.0322,297.543,1.13326,-1.06289,1.5537095544856507
1,134,32.3008,296.38,3.88556,-2.67756,4.718782053369281
2,134,31.1572,296.195,4.23196,-1.46742,4.479152475413178
3,134,30.6152,296.156,2.30162,-1.23684,2.612896440733923
4,134,33.1465,295.991,2.67502,-0.542301,2.729436274215062
5,134,0.0,295.57,3.45756,-0.312611,3.471663404035737
6,134,6.80273,295.319,2.79259,-1.20547,3.041663497002915
7,134,50.125,295.57,2.59618,-1.59007,3.044416725302238
8,134,98.1227,296.273,4.22292,-1.59568,4.514338045472448
9,134,224.239,297.294,3.22643,-1.58129,3.5930945727881975
10,134,316.256,298.161,3.39194,-1.06843,3.5562339108247643
11,134,407.882,298.919,2.49585,-0.741837,2.6037644588305215
12,134,541.419,300.229,2.82874,-1.27119,3.1012407200506056
13,134,686.002,301.458,2.88073,1.73784,3.3643265594320657
14,134,792.1,302.229,1.13214,-1.23131,1.6726820665326687
15,134,725.869,302.919,0.816955,-1.38216,1.6055471770162968
16,134,632.297,303.445,1.06966,0.0915909,1.073574128117295
17,134,332.554,302.726,-1.21695,0.347559,1.2656083758339307
18,134,203.16,302.268,1.68039,1.47626,2.2367507996421954
19,134,97.4334,301.78,2.00773,-0.943769,2.2184858976926134
20,134,18.2539,300.351,3.97982,-2.87627,4.910386577989558
21,134,0.0,298.304,0.21716,-4.76585,4.770794974435603
22,134,41.665,297.575,1.12532,-5.20303,5.323332253701623
23,134,36.6787,296.628,0.637062,0.0460997,0.6387277778397382
24,134,36.8887,296.14,1.35006,-1.50136,2.0190948103543827
1,135,40.7451,296.25,2.1839,-1.94416,2.923897623994383
2,135,36.7471,295.168,4.01858,0.220081,4.024601950871788
3,135,34.9463,294.985,3.10679,-0.451683,3.139452442160735
4,135,34.7539,294.86,2.6965,-0.445621,2.733073421194718
5,135,0.0,294.735,2.89555,1.97401,3.5044151127684633
6,135,3.71875,294.707,2.92931,1.40878,3.2504642998347175
7,135,44.3438,294.9,2.97167,-2.9221,4.167672131886096
8,135,80.8024,295.585,3.02468,-1.31785,3.2993056428436573
9,135,180.895,296.485,2.03209,-0.515863,2.096545826560679
10,135,394.147,298.11,2.44467,-3.2447,4.062571783845795
11,135,607.945,299.357,2.7937,-2.29359,3.61459745726962
12,135,708.373,300.485,2.12904,-2.06709,2.967435321906781
13,135,802.033,301.832,3.13268,0.663617,3.2021979178509565
14,135,785.538,302.857,2.36846,0.840955,2.5133260997381535
15,135,726.478,303.929,1.3277,-3.09944,3.3718415745108787
16,135,544.985,302.683,1.71126,0.524208,1.7897499308182694
17,135,422.085,302.429,2.5643,-2.5792,3.637018989502254
18,135,280.05,301.5,3.73947,-2.7542,4.644271043005565
19,135,153.512,300.53,3.78068,-3.58732,5.211756522018272
20,135,24.1758,298.775,4.54769,-3.65459,5.83416767021655
21,135,0.0,297.225,1.24939,-3.89768,4.093028799617711
22,135,32.8809,296.268,1.10091,0.570403,1.2399041940847688
23,135,24.5918,295.875,2.07944,1.20626,2.403982924481786
24,135,25.1426,295.444,2.36178,-2.38222,3.3545457064705495
1,136,38.3506,295.875,2.492,-1.12385,2.733697646503724
2,136,34.0449,295.366,2.78421,1.87438,3.356356016351662
3,136,31.8682,295.096,2.2401,1.38767,2.6350855847391372
4,136,31.04,294.846,3.05392,1.39764,3.35854506237448
5,136,0.0,294.75,2.77934,1.04774,2.970267655144903
6,136,3.08008,294.73,2.03185,0.517182,2.0966381766113105
7,136,35.1719,294.98,1.61131,0.630145,1.730145264746576
8,136,107.654,295.759,2.01784,1.56154,2.5514869071190627
9,136,195.895,296.633,2.04771,-1.71069,2.6682534587628663
10,136,333.522,297.729,2.56381,-2.13483,3.336258509917959
11,136,557.632,299.075,1.81177,-0.93959,2.040916436554912
12,136,643.076,300.673,1.08509,-1.70527,2.0212288541874717
13,136,795.205,302.09,2.07994,0.453168,2.1287347509316423
14,136,777.444,303.222,1.80548,-0.664416,1.9238520347095305
15,136,749.212,304.069,1.1983,-0.253251,1.2247689410664364
16,136,390.141,303.61,4.88509,0.82206,4.9537750202951285
17,136,496.132,303.593,4.09213,2.02432,4.565457194991538
18,136,323.05,301.527,4.98312,1.02997,5.088449973744461
19,136,160.957,300.272,3.61027,0.609942,3.661431238773166
20,136,26.7344,298.494,1.69906,1.76534,2.4501490157131256
21,136,0.0,297.524,2.25671,2.93435,3.701776593285986
22,136,39.6338,296.642,0.902666,-0.194245,0.9233293169725523
23,136,28.876,296.238,0.105812,2.02462,2.027383122092122
24,136,24.2246,295.987,-0.0649796,0.144143,0.15811246903758094
1,137,41.209,296.211,2.8299,-1.92561,3.422909271672271
2,137,37.1885,295.517,3.51419,-3.19105,4.746823301809328
3,137,35.667,294.875,3.86998,-1.44338,4.1303863045482805
4,137,36.4922,294.812,2.6047,-2.61603,3.691622279012304
5,137,0.0,294.697,3.24321,0.645397,3.3068033494160187
6,137,5.11133,294.446,3.54455,-2.63565,4.417067536839346
7,137,49.5781,294.821,3.98241,0.0212584,3.982466739053894
8,137,121.021,295.822,2.99831,-2.91209,4.1797285825995925
9,137,226.239,296.618,1.51353,-1.60766,2.2080180561988167
10,137,486.85,298.197,2.3226,-1.05769,2.552093042210648
11,137,639.523,299.555,2.33276,-5.88197,6.327664679682386
12,137,768.388,300.76,2.10413,-1.4167,2.5366122973170335
13,137,828.283,302.054,3.21373,1.15239,3.4140977175529117
14,137,774.975,302.571,2.8001,-0.11803,2.8025865001637325
15,137,717.462,303.562,2.44488,-1.86458,3.074751500658224
16,137,609.813,303.322,3.7972,-2.41817,4.501807857838893
17,137,473.725,302.885,4.00864,-2.07041,4.511739378299682
18,137,321.754,301.642,3.9006,-1.76885,4.282932486334567
19,137,153.558,300.26,2.30411,-2.12248,3.132705578649229
20,137,23.2695,298.579,3.20492,-5.08623,6.011759128516378
21,137,0.0,297.6,0.618527,-0.0490494,0.6204687690523674
22,137,36.0156,297.062,3.70638,-1.16104,3.8839756160408627
23,137,24.8818,296.098,2.57798,0.694537,2.6698993473104937
24,137,24.5439,295.302,1.92428,-0.489646,1.9855998397753762
1,138,33.6807,294.656,1.23566,-0.532539,1.3455309071593264
2,138,32.4717,294.494,2.05667,-1.01332,2.2927513845378003
3,138,32.1045,294.257,1.73668,-1.09524,2.053194603538593
4,138,35.7949,294.007,1.24484,-0.0838051,1.247657773744872
5,138,0.0,293.971,0.779829,-1.81115,1.971902023869594
6,138,2.55273,293.7,1.73986,-1.17764,2.1009399775338657
7,138,38.1641,294.076,2.16112,1.50612,2.634167251485752
8,138,131.646,295.007,4.49977,-1.19529,4.655818750445511
9,138,310.239,296.2,1.96227,-1.96362,2.7760236053211074
10,138,474.694,297.475,2.16831,-2.45319,3.274096735314948
11,138,661.945,298.688,1.34595,-2.41273,2.76276083934169
12,138,774.669,299.938,1.23402,-0.901562,1.528273339505731
13,138,823.455,301.04,-0.255016,1.05131,1.081797520960369
14,138,779.335,302.12,2.97344,-0.416858,3.0025182806710773
15,138,726.197,302.519,3.50055,-2.29768,4.187264463214618
16,138,634.141,302.451,3.44075,3.61503,4.990711618937724
17,138,487.507,301.95,4.69614,0.0252934,4.696208114605182
18,138,319.699,300.85,3.59542,2.53388,4.398589868446478
19,138,151.004,299.161,4.78214,-0.740644,4.839154524742519
20,138,24.043,296.903,1.76009,-1.59697,2.376600511024097
21,138,0.0,295.789,2.76794,-1.29417,3.055547059447784
22,138,47.4229,294.952,3.45638,0.615325,3.5107246488474426
23,138,39.8828,295.27,4.5145,-0.511518,4.543386502854892
24,138,27.7998,293.882,1.08736,-0.98574,1.4676631484097433
1,139,42.7119,294.838,2.79425,0.855156,2.9221780997803677
2,139,39.1865,294.935,4.00833,-1.74916,4.3733591316629825
3,139,35.5107,294.963,3.07164,-1.53323,3.433040419584366
4,139,36.9873,295.06,2.82638,-1.41437,3.160516793389967
5,139,0.0,295.109,2.77153,-2.32677,3.618734194963758
6,139,3.23633,295.117,1.25695,-1.24209,1.7671193707839885
7,139,53.0781,295.588,1.63622,1.22878,2.046244407884845
8,139,123.443,296.455,1.3738,-1.06492,1.738212025732189
9,139,256.63,297.81,1.00621,-1.67602,1.954866134675211
10,139,410.053,298.81,1.21909,-1.55036,1.9722567169869138
11,139,618.679,300.2,1.83521,-2.02895,2.7358058861330057
12,139,758.623,301.653,1.28577,-1.54414,2.009371253029166
13,139,804.439,301.989,3.28893,2.6436,4.219677891131028
14,139,819.429,301.682,5.07647,-0.910022,5.157391559827894
15,139,754.259,300.763,3.80817,2.28532,4.441266289167989
16,139,646.375,300.888,2.80403,2.22831,3.581612722922455
17,139,501.663,299.977,4.26645,2.16592,4.784747124864594
18,139,334.55,299.766,4.54464,2.0622,4.990633383609739
19,139,165.144,299.145,5.20499,0.356036,5.2171527228360866
20,139,30.5273,297.565,5.02035,-1.59795,5.268525251434219
21,139,0.0,296.758,2.81384,1.9197,3.4063093863593776
22,139,32.7383,296.089,0.507158,1.18271,1.286861368238242
23,139,22.5283,295.722,2.69859,1.62227,3.1486739972566227
24,139,19.5508,295.464,2.63424,1.67637,3.122408806434545
1,140,35.7852,294.734,3.99493,0.886406,4.09208764590105
2,140,32.04,294.709,3.69388,-0.471813,3.7238900307835356
3,140,31.7188,294.418,2.85924,-1.001,3.0293983524125707
4,140,32.5195,294.184,3.1506,0.305843,3.1654099735498717
5,140,0.0,294.283,1.36967,-1.17687,1.805829146348015
6,140,2.875,294.143,0.801871,-1.7211,1.8987317637415244
7,140,42.9922,294.434,1.50047,2.04225,2.534205059461448
8,140,134.045,295.468,1.61013,-0.732402,1.7688785448707325
9,140,300.52,296.883,1.62047,-2.14477,2.6881148364234737
10,140,477.319,298.207,1.57065,-1.6656,2.289359033113854
11,140,639.491,299.247,-0.315674,-1.51772,1.5502013006948485
12,140,726.748,300.633,-0.628288,-0.709179,0.9474601126089689
13,140,650.892,301.595,-0.809704,0.905805,1.2149499025231452
14,140,775.944,301.989,5.83721,-1.80944,6.111226856998519
15,140,748.087,301.783,4.51227,-1.39534,4.723087366172682
16,140,640.766,301.783,4.79817,-2.42599,5.376603279859878
17,140,494.163,301.043,5.44223,-0.432714,5.4594055334528875
18,140,325.082,300.418,5.62667,0.781928,5.680741737316
19,140,156.316,299.025,5.5297,1.02693,5.624248155522656
20,140,26.2305,297.543,5.98421,-2.37236,6.437302330456447
21,140,0.0,296.324,2.94714,2.1824,3.6672201924073224
22,140,42.8398,295.949,5.01888,2.34189,5.538375684846596
23,140,28.9697,295.002,3.63413,-1.80058,4.055735345569285
24,140,26.1396,294.78,3.52389,-0.942771,3.6478237197733394
1,141,49.5645,295.543,,-3.02326,3.02326
2,141,44.9287,295.668,,-2.89027,2.89027
3,141,43.5869,295.567,,-2.49856,2.49856
4,141,43.7559,295.317,,-1.78009,1.78009
5,141,0.0,294.916,,,0.0
6,141,18.4941,295.176,,,0.0
7,141,125.883,296.265,2.0288,-1.47044,2.505638288660197
8,141,277.638,297.779,1.54958,-1.58885,2.2193788542968504
9,141,477.286,299.769,,1.52418,1.52418
10,141,510.928,299.663,1.11753,-0.937569,1.4587353874712847
11,141,612.304,300.052,-1.28784,0.334824,1.3306535899985392
12,141,759.232,301.139,-1.71374,2.44609,2.986680611598769
13,141,809.596,301.779,-2.59681,4.59965,5.28206420811031
14,141,772.022,301.282,-2.42109,3.99281,4.669497669364446
15,141,627.712,301.264,-1.56146,2.68083,3.1024195107206247
16,141,518.875,301.121,,7.86015,7.86015
17,141,208.132,300.137,-2.31851,3.82412,4.472066904072434
18,141,111.918,299.538,-3.33719,4.66962,5.739528555595834
19,141,45.1834,298.853,0.273352,5.50545,5.512231945265365
20,141,4.5625,298.127,-1.23014,4.23506,4.410099502641635
21,141,0.0,297.543,,3.07497,3.07497
22,141,45.3164,296.919,2.05208,1.26474,2.4105185321834806
23,141,39.1875,296.918,1.8314,3.00411,3.5183380809836904
24,141,40.7295,296.669,2.21822,0.341409,2.2443395629184546
1,142,50.21,297.52,,0.136894,0.136894
2,142,45.373,297.26,-0.782198,-0.645153,1.013931015707183
3,142,43.8438,296.761,,-2.75979,2.75979
4,142,43.9209,296.273,,-1.03254,1.03254
5,142,0.0,296.313,,-1.58702,1.58702
6,142,11.043,297.144,,-0.876861,0.876861
7,142,77.3203,297.884,1.56737,-0.974347,1.8455353676667916
8,142,194.334,299.135,-0.178448,-3.32566,3.3304441331906474
9,142,408.38,300.519,0.891464,-2.14428,2.322206877454289
10,142,594.272,302.372,-2.65591,1.97552,3.3100660414106544
11,142,725.695,303.872,-2.63013,0.533554,2.6837033531700185
12,142,786.31,306.457,-0.328484,3.41582,3.4315780641937903
13,142,772.033,305.675,-1.25111,4.52934,4.698957019137332
14,142,762.538,304.249,0.786432,7.32972,7.371788831011371
15,142,567.462,303.567,-1.80805,6.55925,6.803881639549588
16,142,376.203,303.001,-2.40397,3.99491,4.662443315365882
17,142,271.897,301.622,-2.28043,2.63369,3.483774390083261
18,142,198.574,302.237,-4.0369,2.84247,4.937225669432176
19,142,88.5272,300.5,-4.38143,5.0533,6.6882561056601295
20,142,6.22266,299.521,0.368004,4.73897,4.75323717111991
21,142,0.0,298.75,-4.77454,3.23611,5.767897376314873
22,142,47.9766,298.26,-3.52116,2.00009,4.04955895792369
23,142,42.7588,297.895,-4.20327,0.773639,4.2738736522294385
24,142,45.8232,297.896,0.998497,0.437112,1.0899831005813805
1,143,49.1006,297.985,-1.94061,-0.964668,2.167152860857766
2,143,45.0312,298.095,-1.12644,-3.08705,3.2861443632469953
3,143,43.4277,297.738,,-2.68703,2.68703
4,143,43.708,297.182,,-2.48175,2.48175
5,143,0.0,297.256,,0.787487,0.787487
6,143,10.9727,297.282,,,0.0
7,143,107.805,297.761,,-0.581769,0.581769
8,143,304.537,298.921,1.41237,-1.31736,1.9313793999367395
9,143,504.38,300.1,,1.33082,1.33082
10,143,638.756,299.791,,-2.05329,2.05329
11,143,676.132,299.425,,-1.25014,1.25014
12,143,778.732,300.054,-1.59753,2.29082,2.7928405563690886
13,143,874.346,300.771,-1.68373,1.51274,2.2634771968146707
14,143,787.194,300.451,-1.63495,2.92347,3.349587787086644
15,143,738.978,301.042,,1.43718,1.43718
16,143,529.703,301.019,,3.89237,3.89237
17,143,352.522,300.475,-2.76187,1.94131,3.37588661139559
18,143,165.199,300.377,-1.25272,2.71747,2.9923152573383707
19,143,87.9803,300.09,0.598059,3.72811,3.775775250141486
20,143,5.06641,299.995,-1.36686,3.17745,3.4589730791233397
21,143,0.0,299.348,0.625852,2.04763,2.1411397298644474
22,143,45.6064,298.851,1.52571,0.251067,1.546229492212912
23,143,40.1816,298.917,-1.02505,1.30977,1.6631972088119917
24,143,44.2207,298.609,1.32955,0.200784,1.3446253817164096
1,144,49.8467,297.465,-1.67303,-2.99445,3.4301253888742904
2,144,45.3906,297.494,,-2.66127,2.66127
3,144,43.791,297.272,,-2.62453,2.62453
4,144,43.373,296.843,,-2.62043,2.62043
5,144,0.0,296.523,,0.10487,0.10487
6,144,14.4043,296.84,,0.521577,0.521577
7,144,126.508,297.817,,-0.380597,0.380597
8,144,314.115,299.051,1.83327,-1.68602,2.4906911356689734
9,144,474.505,300.531,1.16734,-0.0588322,1.1688215874789616
10,144,620.506,302.276,1.35776,-1.65827,2.143215250622298
11,144,708.757,302.519,-0.994873,1.11412,1.4936651768482119
12,144,761.435,303.01,-1.30749,2.42022,2.7508171419598213
13,144,811.236,304.388,-2.47767,3.79936,4.535855491359927
14,144,772.304,303.955,-1.44501,4.55873,4.782266524672166
15,144,688.712,303.863,,3.96989,3.96989
16,144,481.188,303.776,-2.49772,4.50272,5.149086578879793
17,144,211.616,303.189,-2.60172,2.12686,3.3604286062941435
18,144,160.754,303.135,-3.71024,2.76826,4.629162374037014
19,144,83.0194,301.926,-1.01669,3.34822,3.4991764351772834
20,144,4.41406,301.731,-1.30143,3.11397,3.374985808236829
21,144,0.0,300.76,-1.61731,2.25661,2.7763249680467883
22,144,45.8867,300.039,0.146807,0.172942,0.22685067911073134
23,144,40.6455,299.968,1.10435,1.94356,2.2354002764829386
24,144,44.4756,299.523,0.704552,1.1461,1.3453396339601387
1,145,46.7207,296.151,,-1.25178,1.25178
2,145,42.7285,296.026,,,0.0
3,145,40.5439,295.899,,,0.0
4,145,41.3691,295.527,,,0.0
5,145,0.0,295.282,,1.24159,1.24159
6,145,20.0586,295.641,,1.65244,1.65244
7,145,116.617,296.143,,-2.05052,2.05052
8,145,256.966,297.758,,-1.37059,1.37059
9,145,463.895,300.774,,-3.78588,3.78588
10,145,527.803,302.15,-1.18814,-3.00495,3.231315701397807
11,145,640.695,303.137,-3.25317,-0.97084,3.394944087094808
12,145,703.779,302.373,-3.31188,0.520313,3.3525027594871566
13,145,818.033,302.401,-3.07728,5.40532,6.219898431710923
14,145,753.038,302.244,-2.2082,2.66127,3.4581071777635812
15,145,666.072,302.876,,3.41862,3.41862
16,145,583.735,302.514,-0.858076,,0.858076
17,145,419.132,301.903,-4.59732,5.10147,6.867339174913381
18,145,218.879,301.023,-3.70536,5.65205,6.758354972336094
19,145,66.7772,300.518,-1.85897,5.9244,6.209209677640143
20,145,3.80469,300.016,-2.00358,3.67549,4.186115091167466
21,145,0.0,299.641,-1.06311,3.42751,3.588596894637234
22,145,46.3398,299.018,-1.85515,1.24228,2.232675776036458
23,145,39.5059,299.018,-0.836571,-1.7791,1.9659724942228973
24,145,41.1016,298.768,-1.12064,0.961526,1.4766063315169689
1,146,49.4922,297.125,-1.62567,-1.2552,2.053857343853268
2,146,45.166,297.063,-1.55466,-3.37025,3.7115431801475784
3,146,43.6826,296.644,,-3.12356,3.12356
4,146,43.4053,296.284,,-2.51252,2.51252
5,146,0.0,296.505,,0.473522,0.473522
6,146,12.3789,296.587,,-0.951568,0.951568
7,146,113.328,297.073,,-1.15306,1.15306
8,146,283.404,298.057,1.12624,-2.04734,2.3366680579834185
9,146,437.989,299.423,,2.38843,2.38843
10,146,635.819,301.109,,-2.55769,2.55769
11,146,717.57,301.678,,1.48717,1.48717
12,146,795.154,302.104,-1.85973,2.42315,3.0545460539006446
13,146,820.002,302.888,-1.51283,1.70756,2.281318864714006
14,146,757.022,302.844,-1.45331,5.56898,5.755488528048684
15,146,662.916,302.334,-1.57074,3.5573,3.8886511077236023
16,146,479.391,301.81,,3.88358,3.88358
17,146,334.913,301.584,-3.09097,2.74893,4.136509601801984
18,146,173.558,301.078,-1.85233,3.87568,4.2955816708916155
19,146,81.4725,300.003,-2.22372,3.32186,3.9974597556448273
20,146,5.02344,299.849,-1.25211,2.85811,3.120348093434449
21,146,0.0,298.999,1.44568,2.63454,3.0051275636817816
22,146,46.0078,298.345,0.905596,0.503997,1.036396203787432
23,146,42.0371,298.489,-1.82827,2.01973,2.724312842865151
24,146,45.9238,297.981,1.30221,1.85508,2.2665111273717584
1,147,50.1865,298.839,-1.71503,0.159843,1.722462680451742
2,147,45.4629,298.853,-0.698702,-3.37953,3.451000942582311
3,147,44.0264,298.545,,-2.96975,2.96975
4,147,42.8486,297.925,,-2.92365,2.92365
5,147,0.0,297.955,,0.954967,0.954967
6,147,11.0664,297.982,,-0.897368,0.897368
7,147,73.2266,298.125,,-0.739484,0.739484
8,147,207.021,298.5,1.53102,-1.81932,2.377803083268251
9,147,423.708,300.237,,0.350348,0.350348
10,147,631.194,301.376,,-0.699287,0.699287
11,147,706.21,300.891,,-0.654922,0.654922
12,147,842.044,302.141,-2.03063,3.24883,3.831234078701013
13,147,858.517,303.544,1.16588,2.83354,3.0640210681390556
14,147,785.272,302.825,-2.06708,2.81752,3.4944582808784537
15,147,678.134,302.7,,5.83903,5.83903
16,147,541.719,302.544,-2.3112,4.80643,5.333236801877449
17,147,328.272,302.232,-1.66373,4.1249,4.44778568760906
18,147,189.464,303.517,-2.61649,4.45966,5.170549993540339
19,147,69.7069,302.102,-0.77743,2.42049,2.5422763903635657
20,147,5.98438,301.513,-1.69108,2.20284,2.7770948186909283
21,147,0.0,300.709,0.675168,1.91091,2.026679268242511
22,147,47.3213,299.925,0.440752,1.59286,1.6527145261974314
23,147,43.2529,299.856,-2.54702,2.30782,3.437054557728172
24,147,46.2217,299.54,1.0776,0.873635,1.3872490307169076
1,148,50.2754,298.17,-1.59393,0.460136,1.6590171739303967
2,148,45.6348,297.964,-0.705538,-3.36439,3.437572390735067
3,148,44.0957,297.271,,-3.06692,3.06692
4,148,42.8809,296.72,,-2.88459,2.88459
5,148,0.0,296.859,,1.05653,1.05653
6,148,10.9668,297.652,,-0.591216,0.591216
7,148,69.4766,297.777,,-0.592999,0.592999
8,148,204.513,298.737,1.60036,-2.45603,2.9314220935409487
9,148,388.098,300.237,,-0.489496,0.489496
10,148,581.288,301.472,,-0.391182,0.391182
11,148,648.851,300.894,,-0.57338,0.57338
12,148,805.826,302.269,-1.95544,4.66582,5.059013922297507
13,148,805.33,302.854,1.40221,3.08745,3.3909497764785606
14,148,718.929,302.324,0.200006,5.49183,5.495470785013419
15,148,591.087,301.726,,6.41618,6.41618
16,148,515.625,301.75,-2.39714,4.86112,5.420033932919608
17,148,328.038,301.351,-1.23013,3.4208,3.6352568625751878
18,148,193.214,301.889,-3.06229,4.94306,5.814762437769922
19,148,66.6834,300.981,-1.54012,3.6783,3.9877136938852566
20,148,6.09766,299.953,-1.94694,4.63252,5.025019095884114
21,148,0.0,299.342,0.297727,4.33572,4.345930197889631
22,148,47.7031,298.791,0.228838,3.06747,3.0759939907522575
23,148,43.5127,298.964,-1.45181,3.2209,3.5329801989396996
24,148,46.168,298.453,1.18795,1.15879,1.6595238674390917
1,149,46.6074,295.26,,-1.29865,1.29865
2,149,41.0752,294.865,,,0.0
3,149,41.2217,294.202,,-1.12209,1.12209
4,149,40.6084,293.932,,-1.32209,1.32209
5,149,0.0,294.231,,-0.791615,0.791615
6,149,25.2402,296.061,,9.25064e-5,9.25064e-5
7,149,165.219,296.521,,-1.79857,1.79857
8,149,288.091,297.482,,-0.990703,0.990703
9,149,446.442,298.977,,1.22144,1.22144
10,149,567.897,300.736,-1.819,1.69036,2.4831588611283006
11,149,587.554,302.063,-0.177002,-1.46107,1.4717524428055149
12,149,753.81,303.621,-2.45739,4.76494,5.361288913656865
13,149,768.564,304.563,-5.41029,2.89604,6.136634710140404
14,149,766.897,302.748,-2.81806,8.39027,8.850880907373005
15,149,677.462,303.729,-1.66058,3.1945,3.600327233238668
16,149,546.453,303.195,-2.47331,,2.47331
17,149,370.335,302.567,-0.802887,4.5624,4.632507020477034
18,149,122.23,302.109,-2.01249,1.52607,2.5256693459358455
19,149,67.1756,300.44,-1.72177,0.300372,1.7477743765383449
20,149,3.80469,299.128,-2.11735,-1.85576,2.815495729014697
21,149,0.0,298.601,-2.4303,-1.62132,2.9214785011017965
22,149,47.5801,297.648,1.64485,-1.83292,2.4627479060797106
23,149,39.2158,296.857,-1.22182,-1.66484,2.065075383127696
24,149,42.9131,296.695,-0.793495,-2.21719,2.3549025056517734
1,150,46.9424,296.187,,-2.48078,2.48078
2,150,44.3281,295.751,,-2.89027,2.89027
3,150,43.4395,295.812,,-1.34328,1.34328
4,150,43.3223,294.84,,-1.15558,1.15558
5,150,0.0,294.602,,0.443249,0.443249
6,150,19.8789,295.65,1.43957,0.264741,1.46371089426191
7,150,140.688,296.458,,-0.240949,0.240949
8,150,299.92,298.812,1.34792,2.00272e-5,1.3479200001487806
9,150,499.036,300.614,,1.08375,1.08375
10,150,648.71,302.257,2.20932,1.00823,2.428502129976418
11,150,781.304,303.333,,2.99254,2.99254
12,150,853.294,305.329,-4.3026,4.67754,6.355450197397506
13,150,862.033,306.413,5.10534,5.32133,7.374350783933457
14,150,643.585,304.085,-5.21454,8.49379,9.966739485694408
15,150,584.447,304.708,-1.90521,5.12566,5.468291833808799
16,150,476.938,303.985,,3.59354,3.59354
17,150,215.46,302.442,-1.59683,2.07412,2.617601922237222
18,150,161.98,302.1,1.82199,2.46747,3.067255411764726
19,150,44.4647,301.66,-3.20223,3.14998,4.4918427146662205
20,150,2.98828,300.108,-1.74235,2.57686,3.110625496921801
21,150,0.0,299.229,-3.81751,-0.396706,3.838066994013523
22,150,45.6846,298.296,-1.20573,-1.62979,2.02731356158834
23,150,39.5576,297.852,-1.83804,-3.36894,3.8377269008099053
24,150,41.2324,297.231,1.36373,-0.310935,1.3987280247156701
1,152,47.0645,295.618,,-1.47053,1.47053
2,152,43.0742,295.243,,-1.24086,1.24086
3,152,41.0479,294.988,,-0.408226,0.408226
4,152,42.0586,294.492,,-1.56867,1.56867
5,152,0.0,293.879,,0.660534,0.660534
6,152,20.0918,295.255,,1.43271,1.43271
7,152,113.742,296.003,,-1.45775,1.45775
8,152,248.006,297.626,,-2.26512,2.26512
9,152,462.614,300.493,,-3.78686,3.78686
10,152,593.678,302.371,0.841158,-2.17341,2.330505912685913
11,152,577.116,302.012,-2.48071,3.84361,4.574632218681629
12,152,655.201,303.746,-2.62585,4.08135,4.853092420817885
13,152,635.236,302.888,-1.93959,4.86723,5.239459632538455
14,152,593.116,303.983,-2.05048,5.63978,6.000965478887543
15,152,702.103,303.499,,3.62614,3.62614
16,152,532.031,304.128,-2.39323,2.1453,3.2140102555685788
17,152,423.882,301.625,-2.85074,4.58291,5.39720136882996
18,152,226.011,300.997,-4.28739,5.93037,7.317854969114925
19,152,75.574,300.497,-2.6036,6.7574,7.241628802969674
20,152,4.05859,299.747,-1.85416,2.84834,3.3986688660709503
21,152,0.0,299.247,-2.28186,2.79177,3.6056711986119865
22,152,46.6816,298.745,-2.18913,0.813567,2.3354188961274165
23,152,39.9355,298.37,-2.52798,1.06368,2.7426443485803986
24,152,41.6914,298.12,,1.85215,1.85215
1,153,49.7021,297.709,-2.01141,-1.76447,2.6756540450887893
1,153,49.7021,297.709,-2.01141,-1.76447,2.6756540450887893
2,153,45.1973,298.309,-1.18942,-3.98256,4.156381129059269
2,153,45.1973,298.309,-1.18942,-3.98256,4.156381129059269
3,153,43.5361,298.167,,-3.24221,3.24221
3,153,43.5361,298.167,,-3.24221,3.24221
4,153,43.4805,297.493,,-1.7674,1.7674
4,153,43.4805,297.493,,-1.7674,1.7674
5,153,0.0,297.24,,,0.0
5,153,0.0,297.24,,,0.0
6,153,10.7012,297.121,,-1.78018,1.78018
6,153,10.7012,297.121,,-1.78018,1.78018
7,153,98.3516,297.593,,-1.53392,1.53392
7,153,98.3516,297.593,,-1.53392,1.53392
8,153,281.482,298.234,,-2.08641,2.08641
8,153,281.482,298.234,,-2.08641,2.08641
9,153,471.723,299.339,,0.79859,0.79859
9,153,471.723,299.339,,0.79859,0.79859
10,153,569.944,298.809,,-1.90485,1.90485
10,153,569.944,298.809,,-1.90485,1.90485
11,153,645.929,299.123,,2.27525,2.27525
11,153,645.929,299.123,,2.27525,2.27525
12,153,844.873,300.119,,2.575,2.575
12,153,844.873,300.119,,2.575,2.575
13,153,871.017,300.591,0.484241,2.75297,2.795234009341794
13,153,871.017,300.591,0.484241,2.75297,2.795234009341794
14,153,836.569,300.257,-0.620794,3.98793,4.035959721718739
14,153,836.569,300.257,-0.620794,3.98793,4.035959721718739
15,153,640.134,300.672,-0.87201,3.96599,4.060723841903067
15,153,640.134,300.672,-0.87201,3.96599,4.060723841903067
16,153,440.844,300.5,-1.9987,1.81718,2.701285775774196
16,153,440.844,300.5,-1.9987,1.81718,2.701285775774196
17,153,359.757,300.135,,0.907129,0.907129
17,153,359.757,300.135,,0.907129,0.907129
18,153,243.863,300.03,-1.84305,1.20576,2.2024283144066232
18,153,243.863,300.03,-1.84305,1.20576,2.2024283144066232
19,153,84.8865,299.933,-2.45516,1.43807,2.845321765723518
19,153,84.8865,299.933,-2.45516,1.43807,2.845321765723518
20,153,5.80078,299.499,-0.884926,4.46553,4.5523677582524025
20,153,5.80078,299.499,-0.884926,4.46553,4.5523677582524025
21,153,0.0,298.972,1.19079,3.98025,4.154560251891889
21,153,0.0,298.972,1.19079,3.98025,4.154560251891889
22,153,47.2178,298.484,3.36165,0.963958,3.497128214444532
22,153,47.2178,298.484,3.36165,0.963958,3.497128214444532
23,153,42.835,298.685,1.48618,0.950397,1.7640820417455079
23,153,42.835,298.685,1.48618,0.950397,1.7640820417455079
24,153,45.541,298.237,2.0776,1.32285,2.462996931078072
24,153,45.541,298.237,2.0776,1.32285,2.462996931078072
1,154,40.9258,294.926,2.48419,0.916679,2.6479237800852578
2,154,26.0498,294.475,2.13138,1.71178,2.733673622216083
3,154,34.3467,294.272,1.21129,1.81004,2.177950473656369
4,154,34.5527,294.224,3.78097,1.85907,4.213297450430007
5,154,0.0,294.256,3.47026,1.68348,3.8570467171140153
6,154,12.2754,294.255,3.19347,0.309663,3.208448505815389
7,154,87.1562,294.425,3.1284,0.13454,3.131291677822429
8,154,161.092,294.719,-0.56126,-0.722636,0.9149948503111915
9,154,365.427,295.921,2.97447,-0.0139103,2.9745025260278553
10,154,628.741,297.344,1.37631,-0.551338,1.4826337397833627
11,154,737.632,298.344,3.23804,0.676132,3.307878099783001
12,154,787.779,299.376,3.90394,2.38457,4.57459523985456
13,154,823.533,300.55,5.73912,1.91557,6.0503641873279
14,154,791.757,302.077,6.94464,1.05726,7.024658243445015
15,154,703.322,301.202,7.87115,1.35759,7.9873683357286085
16,154,578.938,300.782,7.60481,-0.108604,7.605585445244567
17,154,423.069,300.283,8.35092,0.608301,8.3730457393353
18,154,187.441,298.906,8.54904,3.27314,9.15420834268043
19,154,37.9178,298.158,7.19767,0.556231,7.219130581604754
20,154,16.7344,297.408,6.13802,-6.42412,8.885077787774286
21,154,0.0,296.782,6.28747,-0.169167,6.289745342602433
22,154,22.1846,296.158,4.39583,-3.22061,5.449371538168416
23,154,14.4248,295.909,2.8148,0.463092,2.8526396969235353
24,154,20.083,295.487,1.1694,0.743752,1.385880008335498
1,155,40.3545,297.081,3.3089,2.26922,4.012253558587742
2,155,31.4951,296.802,3.45657,2.50914,4.271259732736936
3,155,27.5361,296.337,2.71715,2.82566,3.9201095084321307
4,155,34.29,296.211,3.54562,1.49139,3.8465133974158987
5,155,0.0,296.308,2.22368,1.74305,2.825416083499915
6,155,6.6543,296.558,2.84728,-0.460357,2.8842558773189664
7,155,66.1641,296.558,2.90282,-1.63499,3.3315996536949037
8,155,171.006,297.029,3.66628,0.06252,3.6668130288848926
9,155,309.395,297.773,0.40416,1.58472,1.6354457447436157
10,155,469.303,299.086,3.25815,-1.3819,3.5390943802758357
11,155,671.445,300.086,4.02173,1.24693,4.210599318125627
12,155,745.748,301.592,3.58411,1.5501,3.904952560800195
13,155,805.908,303.089,4.65123,1.64213,4.932598853525391
14,155,797.975,304.319,5.88116,2.52504,6.40030233248399
15,155,723.431,305.212,6.51129,0.339522,6.520135938198221
16,155,619.688,304.133,5.96419,1.75077,6.215847323495003
17,155,475.663,305.055,7.54965,3.19717,8.1987261895614
18,155,228.496,304.122,7.42794,-0.567681,7.449600953162593
19,155,58.6522,302.744,6.07511,4.39022,7.4953981322208625
20,155,23.0898,302.021,5.4891,-1.054,5.589376960806991
21,155,0.0,300.802,5.08532,-0.607643,5.121494851881529
22,155,25.3828,299.989,2.91438,-5.25577,6.0097195506362855
23,155,18.9072,299.646,2.07896,-1.80449,2.7528637528399402
24,155,21.3818,298.988,2.05318,-1.36465,2.4653230487909688
1,156,44.6973,297.345,-0.593933,0.165703,0.6166148657776587
2,156,38.1016,297.095,1.27151,1.25817,1.788778753507543
3,156,42.2549,296.784,0.995955,2.78318,2.956013747333561
4,156,40.9395,296.562,2.10519,2.30536,3.1219400483833764
5,156,0.0,296.345,2.27397,2.23475,3.1882671035219117
6,156,13.4375,296.184,2.42297,0.90976,2.5881357921291532
7,156,100.789,296.688,0.884752,0.339618,0.9476953558121934
8,156,166.052,297.271,0.478779,-0.98289,1.0932987162441015
9,156,375.255,298.31,2.09264,-2.00756,2.899903329974984
10,156,570.772,299.857,0.688814,-0.691963,0.9763593190854483
11,156,694.585,301.073,2.75269,0.510605,2.79964635304622
12,156,730.544,302.145,2.03333,2.76055,3.428566346361114
13,156,811.892,303.508,4.68932,3.78471,6.026089266389937
14,156,802.397,303.931,6.35479,0.115369,6.355837155738102
15,156,723.337,303.849,6.43902,0.993331,6.515188795112618
16,156,608.844,303.447,6.77181,0.301552,6.778520803597493
17,156,434.225,302.962,8.75229,2.03799,8.98643330160526
18,156,219.16,301.54,8.55197,3.64912,9.297971158016141
19,156,32.8553,300.657,6.00333,0.110919,6.004354595912953
20,156,12.8867,299.733,6.19906,-2.85966,6.826858735846232
21,156,0.0,298.984,5.69861,-0.925026,5.773199202589151
22,156,24.4092,298.675,1.06673,-2.03214,2.295104762859421
23,156,16.918,298.638,0.123878,-0.464643,0.4808730355644824
24,156,26.5371,297.479,-0.72123,-0.00331783,0.7212376313642467
1,157,37.9707,298.221,3.77179,1.85076,4.201394099784023
2,157,26.6416,297.383,1.11087,2.14342,2.4141833926402523
3,157,25.3662,297.005,1.32457,0.551247,1.4346982051668566
4,157,23.9414,296.758,3.54757,2.01092,4.077873483974215
5,157,0.0,296.75,2.60698,2.67274,3.7336153829766667
6,157,9.82227,296.879,1.80334,1.19248,2.1619536780421544
7,157,80.4219,297.003,1.93456,1.28444,2.322134472247462
8,157,134.709,297.467,0.111103,1.01467,1.0207345813231763
9,157,239.677,298.342,2.15221,1.32545,2.5276126258982012
10,157,529.725,299.749,0.600924,-1.2823,1.4161225030963953
11,157,646.57,300.966,3.58081,-0.030899,3.580943312075884
12,157,732.123,302.094,3.0138,2.36504,3.830979592950085
13,157,785.533,303.59,4.60338,2.0142,5.024749651913019
14,157,783.054,306.113,6.18243,1.98842,6.494324814890306
15,157,711.025,306.082,6.7652,1.76433,6.991479914073986
16,157,605.406,305.049,5.04231,0.332802,5.0532808458766665
17,157,464.194,305.045,8.34799,0.741114,8.380822573059042
18,157,228.652,304.092,8.91183,1.76728,9.08537244956419
19,157,40.1365,302.867,6.24259,1.83358,6.5063004483731
20,157,13.7852,302.116,6.22884,-5.97783,8.633243843104397
21,157,0.0,301.278,5.4823,-1.72092,5.746057686483838
22,157,28.2432,300.188,2.58626,-0.857331,2.7246572685681034
23,157,21.5352,299.938,1.83726,-2.75078,3.307917005609421
24,157,23.4512,299.172,-4.27396,1.41953,4.5035318920265235
1,158,37.7305,297.005,2.94513,3.0617,4.248269954569742
2,158,28.4307,296.649,2.57767,3.4486,4.305487729502896
3,158,24.9238,296.412,1.69615,0.457008,1.75663915889519
4,158,21.1182,296.55,2.25656,1.28973,2.5991280281086575
5,158,0.0,296.856,2.46586,1.3661,2.8189882492837746
6,158,5.69727,296.731,2.62121,0.0621042,2.621945612662025
7,158,64.8516,296.875,2.78221,0.596454,2.8454261294604013
8,158,148.857,297.325,2.59011,-0.637675,2.6674518210691267
9,158,262.77,297.875,2.54381,-0.350824,2.5678876134044497
10,158,439.319,299.18,3.05991,-0.858955,3.1781838996705334
11,158,543.851,300.474,3.96997,2.58971,4.7399641016573115
12,158,690.248,301.849,3.35462,3.18242,4.6239887976507905
13,158,778.283,303.074,3.88561,2.22368,4.476909404321244
14,158,779.272,303.949,5.87823,2.23353,6.28826241451484
15,158,719.666,304.367,5.67438,2.08855,6.046538636848359
16,158,610.094,305.639,5.5804,1.64628,5.81816998706638
17,158,469.647,304.588,6.32797,1.53897,6.5124214376681735
18,158,252.699,304.058,5.97775,4.4499,7.452187938619101
19,158,88.6053,303.007,5.84659,3.05916,6.598566096789514
20,158,26.1211,301.93,4.31185,-1.0706,4.442773321079976
21,158,0.0,300.705,4.15905,-2.15745,4.685326819443868
22,158,26.1387,299.73,2.01106,1.98935,2.828758693508515
23,158,18.4248,299.48,1.71714,-1.59257,2.3419754448968932
24,158,20.7422,298.529,1.48483,-2.03652,2.5203439922558193
1,159,46.8086,296.971,1.49298,2.38396,2.8128730085092717
2,159,43.5693,296.431,2.57571,2.96764,3.9295253114975606
3,159,38.9404,296.117,2.58922,2.60838,3.67528317722594
4,159,39.5605,296.189,1.95285,1.91717,2.736633686009145
5,159,0.0,296.431,1.90727,2.64784,3.263240033846729
6,159,7.80469,296.327,2.00597,2.01621,2.844119970219259
7,159,61.3438,296.189,3.0952,0.831317,3.204894849209409
8,159,138.881,296.665,1.74929,-0.624492,1.8574191132224305
9,159,291.411,297.686,1.62633,-0.306879,1.6550299059355393
10,159,516.991,299.125,1.79038,1.34124,2.2370483414535323
11,159,578.038,299.854,3.88745,0.988144,4.011071685626673
12,159,697.326,301.37,3.6637,1.38555,3.9169435140808453
13,159,779.627,302.575,4.43151,1.35795,4.634901194480849
14,159,773.569,302.967,6.21514,0.9474,6.286933432095491
15,159,721.822,302.636,6.47125,0.45378,6.487140575854665
16,159,612.0,302.781,5.94173,0.336708,5.951262695442371
17,159,471.491,302.398,6.53598,1.07607,6.6239686899395895
18,159,218.988,301.143,5.88058,3.53779,6.86273846365283
19,159,64.7069,300.608,5.94279,1.98787,6.266448764731105
20,159,26.5156,299.996,3.00863,-9.11845,9.601978175324083
21,159,0.0,299.246,3.85779,-1.54514,4.155719107892159
22,159,25.5361,298.237,1.29915,-3.61807,3.8442452116637926
23,159,17.252,298.065,1.17368,-1.19511,1.6750560153320246
24,159,19.7861,298.017,-1.93021,1.20469,2.275299681404628
1,160,37.6025,296.846,2.3465,2.76385,3.625593616568189
2,160,27.2783,296.478,2.96976,2.97936,4.206668571114202
3,160,22.9307,296.232,1.87926,2.46677,3.1010598801861273
4,160,20.4014,296.107,2.5256,1.84149,3.125658455445828
5,160,0.0,296.448,2.27202,1.72938,2.8553161059329315
6,160,5.74023,296.478,2.80529,-0.313872,2.8227942922721097
7,160,62.8125,296.444,3.20311,-0.759992,3.2920360739463352
8,160,178.162,296.903,2.52858,0.0200396,2.528659408059567
9,160,207.911,297.524,1.19957,2.1106,2.4276738959135344
10,160,497.1,298.865,3.19663,-0.606514,3.2536598760620326
11,160,579.976,299.978,3.5769,0.571152,3.62221316560801
12,160,721.748,301.603,4.02991,2.20195,4.592249820142628
13,160,783.08,303.216,4.44909,1.66704,4.751149775549072
14,160,785.491,303.808,5.94122,3.06361,6.684594327294664
15,160,720.947,304.926,6.66022,1.10173,6.75072880815842
16,160,613.172,304.438,6.08138,2.69315,6.651032974425853
17,160,471.335,304.685,6.60629,3.62686,7.536390450587072
18,160,239.808,303.236,6.68771,-1.16241,6.787979231862749
19,160,64.2615,302.365,6.34269,2.47908,6.809959917833584
20,160,25.625,301.615,4.81185,-2.77666,5.555514483654957
21,160,0.0,300.524,4.60534,-2.06956,5.048983571888504
22,160,27.0654,299.519,2.5306,-5.09757,5.69114718355623
23,160,19.1621,299.258,2.12583,-3.89921,4.441057510661171
24,160,22.833,298.682,1.65768,-0.773826,1.8294014487465566
1,161,40.666,295.354,0.291809,-2.12971,2.1496086100918466
2,161,37.5215,295.604,1.77347,-2.19642,2.823022610129079
3,161,37.5938,295.266,1.35924,3.12547,3.408239442659509
4,161,41.5146,294.521,1.85861,3.14569,3.6537373616887137
5,161,0.0,294.357,3.20415,2.13221,3.848752616965658
6,161,9.94922,294.406,2.10851,1.12265,2.388756463643793
7,161,79.5,295.076,1.52098,-1.38255,2.055437827544292
8,161,166.631,295.701,0.869892,-1.62596,1.8440330835600538
9,161,385.786,297.492,1.17174,-0.134027,1.1793802882569302
10,161,583.178,299.081,1.056,1.17864,1.5825069508852085
11,161,644.429,299.729,4.30981,1.369,4.5220153953851145
12,161,780.904,300.141,3.83607,3.36455,5.1025121016417
13,161,831.564,301.063,3.64537,2.14897,4.231642056908878
14,161,810.6,301.135,5.36749,1.80531,5.6629579811437765
15,161,736.806,300.641,4.39801,1.64665,4.696163134155372
16,161,622.453,300.516,5.59017,1.10722,5.698766248698046
17,161,417.913,299.815,9.19516,2.12979,9.43858955934095
18,161,227.355,298.521,8.10568,0.687201,8.134758353927976
19,161,154.355,297.555,7.19083,2.69881,7.6805996839439565
20,161,29.6875,296.643,6.30892,3.04561,7.005584332409396
21,161,0.0,296.026,4.81384,3.71267,6.079224792232971
22,161,24.1143,295.862,6.3304,-0.59073,6.357902648900815
23,161,18.2021,295.164,2.35044,3.44454,4.17006282988638
24,161,22.9717,295.086,4.8442,2.92735,5.660004563823248
1,162,41.834,295.538,0.842102,2.35955,2.5053167426303604
2,162,37.2363,295.563,2.69534,2.19518,3.4761577852565897
3,162,37.3799,295.687,2.2025,1.68064,2.770479572131872
4,162,38.4482,295.513,1.3132,2.76776,3.0634930484007956
5,162,0.0,295.263,2.87553,3.35292,4.41709693206975
6,162,6.63477,295.313,2.14367,2.58261,3.35636641042065
7,162,84.7422,295.726,2.3994,-0.700421,2.4995419454854124
8,162,184.217,296.35,2.73464,-1.74412,3.243487398464807
9,162,380.458,297.926,2.12584,-0.407465,2.164537694711044
10,162,483.569,298.489,2.02378,0.613213,2.114643154711688
11,162,627.07,299.114,3.86694,1.44371,4.127653513523149
12,162,763.326,299.814,3.2721,1.63115,3.6561302947925696
13,162,814.549,300.613,2.94323,2.79692,4.060217274888131
14,162,800.429,300.477,5.18926,2.37465,5.7067838552112695
15,162,735.65,300.627,5.60944,2.4279,6.112324886947683
16,162,624.875,300.614,6.16731,1.81034,6.427522349373823
17,162,482.616,300.002,7.85922,1.8915,8.083632305987203
18,162,248.332,298.788,6.85763,0.895209,6.915814367851483
19,162,138.512,298.076,5.05802,1.35115,5.235377029679906
20,162,29.6133,297.326,3.19125,-4.23173,5.300152389828051
21,162,0.0,296.638,4.40222,-1.51487,4.6555742981183315
22,162,26.7109,296.238,4.84505,-2.62296,5.509485335682453
23,162,20.7295,295.863,2.93052,1.29024,3.201978564575347
24,162,21.8887,295.788,3.60397,-1.53066,3.9155484668817473
1,163,38.7832,296.232,1.61652,3.09393,3.4907792475749595
2,163,28.8516,296.445,2.9136,2.70494,3.9756465340369482
3,163,23.793,296.474,3.04234,3.55173,4.676603325972816
4,163,27.5332,296.378,3.88107,0.385433,3.9001619123299225
5,163,0.0,296.502,4.1309,1.76161,4.490835624034796
6,163,6.62891,296.252,4.41466,2.61191,5.129453846531812
7,163,59.5547,296.011,5.42186,-1.08275,5.528916116392073
8,163,122.654,295.982,4.6946,-1.41648,4.903639949099037
9,163,306.067,296.518,3.22545,0.669195,3.29413868113123
10,163,639.756,296.898,3.29135,0.66497,3.357851980567339
11,163,795.148,296.446,4.14038,1.40318,4.371688536115079
12,163,898.935,297.155,4.02064,2.09649,4.5344036355071
13,163,940.642,297.731,4.50084,1.79594,4.845922119597054
14,163,924.897,297.49,5.61065,1.34047,5.768557293067306
15,163,849.416,298.047,5.95416,1.46208,6.13104389415049
16,163,724.844,298.431,3.22591,0.679482,3.296693967662755
17,163,555.632,298.172,6.99643,1.41787,7.138654500800554
18,163,362.988,298.145,7.15939,1.36982,7.289257301296202
19,163,169.121,298.36,4.81632,1.3492,5.0017275997799
20,163,31.0078,298.134,2.34994,1.35225,2.7112355239078734
21,163,0.0,297.633,3.17175,0.796654,3.2702684382502913
22,163,26.6113,297.462,3.18685,1.40048,3.4809994474144923
23,163,18.8965,297.203,2.04527,-3.86113,4.369376872026491
24,163,19.7939,297.002,2.89693,0.492776,2.9385424296878884
1,164,39.2549,293.14,3.78741,-6.87971,7.853335863962524
2,164,36.5303,292.891,3.20901,-6.62513,7.361392035274307
3,164,30.8203,292.765,3.91588,-4.75442,6.159433879083369
4,164,28.9238,292.641,1.02414,-0.813786,1.3080941836870923
5,164,0.0,293.072,2.85502,-0.593372,2.91602975478372
6,164,2.52344,293.406,3.95617,-2.66983,4.772763695994177
7,164,33.4141,293.766,0.403307,-2.95286,2.9802749396404686
8,164,104.076,294.266,1.38405,-0.924296,1.6643069122358412
9,164,315.677,296.049,2.52086,-2.09594,3.2783684392087475
10,164,520.506,297.387,3.34604,-2.60603,4.241152678517952
11,164,627.601,298.405,2.29321,-1.58754,2.7891029661344526
12,164,709.841,300.275,3.43763,-0.478222,3.47073425922873
13,164,758.924,301.279,3.91002,-1.36666,4.141982128884671
14,164,815.257,301.618,5.3543,-0.613635,5.389348421026887
15,164,755.775,301.012,6.18072,2.1071,6.530020683611959
16,164,654.235,300.415,6.76985,1.09257,6.857446917577999
17,164,527.382,299.984,6.01401,-0.31455,6.022230316303089
18,164,366.363,299.256,6.27267,-0.743463,6.3165755090293185
19,164,197.769,297.132,5.07853,-2.49748,5.6594057383527465
20,164,48.9102,295.678,3.88265,-2.04326,4.387468797621243
21,164,0.0,295.137,4.79675,-3.01975,5.668130258295058
22,164,24.125,294.039,3.17024,-3.1376,4.46037615203023
23,164,23.6846,293.789,3.3646,-3.1414,4.603143178307622
24,164,29.2676,293.891,4.02584,-2.74551,4.872905998036489
1,165,42.0137,296.038,1.513,2.91521,3.284450995843902
2,165,32.1113,296.038,2.48733,3.48864,4.284555937142144
3,165,25.7832,296.163,1.62144,2.32127,2.8314946735778967
4,165,29.6631,296.249,2.2175,1.26385,2.5523759661342997
5,165,0.0,296.248,3.22124,1.48133,3.5455219230037205
6,165,6.10352,296.18,2.14269,0.825288,2.296131685910893
7,165,74.4844,296.413,3.91844,1.47438,4.186641663433831
8,165,90.0681,296.288,3.87233,-0.44041,3.8972940095661244
9,165,260.395,297.617,3.23717,-0.263422,3.247870188136219
10,165,510.053,299.0,2.681,1.02679,2.870898588264657
11,165,655.835,299.663,3.91138,2.53062,4.658640476448038
12,165,742.185,300.606,3.77747,0.35918,3.7945078565342305
13,165,802.533,301.788,3.45104,3.04936,4.605244129381199
14,165,787.382,301.894,4.57989,2.64125,5.286926704107028
15,165,723.759,302.293,6.05182,1.14763,6.1596736869171895
16,165,617.281,302.388,5.597,0.525185,5.62158592251555
17,165,477.507,302.061,6.86459,0.840723,6.9158810740808
18,165,288.863,301.193,6.59445,3.19013,7.325551188777538
19,165,145.254,300.386,5.53507,3.149,6.368139516758407
20,165,28.1797,299.453,2.02523,-1.02861,2.271474209626867
21,165,0.0,298.595,3.69861,-0.512917,3.7340058624738393
22,165,28.0771,297.945,1.87435,-0.393464,1.9152028200156765
23,165,19.5771,297.423,0.980812,-4.1746,4.288272069184044
24,165,19.5342,296.763,1.2651,-1.57461,2.0198699616807017
1,166,40.6162,296.525,1.18634,2.53875,2.8022587600184248
2,166,35.4863,296.75,1.69143,2.66246,3.154303203006965
3,166,38.4805,296.625,1.63511,4.33591,4.633972403910063
4,166,40.3301,296.396,2.85275,3.06561,4.187618324847669
5,166,0.0,296.456,3.03764,2.51063,3.9408780451188794
6,166,7.49023,295.921,3.859,2.34726,4.516803129161155
7,166,61.4688,295.931,5.36864,1.76833,5.65236998421901
8,166,158.943,296.0,4.20925,-0.973613,4.320382834456803
9,166,348.708,296.625,2.62242,-0.236567,2.6330686663831995
10,166,628.96,297.319,2.54038,-0.195869,2.5479197808331797
11,166,796.601,296.936,4.3103,1.08531,4.444837891993362
12,166,875.966,297.186,3.693,0.681934,3.755433793898649
13,166,950.33,297.607,4.31139,2.91411,5.203856341618204
14,166,927.116,297.732,4.29962,2.44886,4.948095334974862
15,166,855.212,297.625,3.38922,1.67009,3.7783611283862215
16,166,728.969,297.798,2.77767,0.830849,2.8992689922980586
17,166,560.46,297.719,6.59262,5.45303,8.555593179043754
18,166,365.152,298.183,6.16037,0.529975,6.183124779391485
19,166,168.308,298.321,5.03946,1.60799,5.28978155803243
20,166,31.7305,298.16,0.512047,-0.211226,0.5539030179417693
21,166,0.0,297.717,2.47302,-0.0177994,2.473084054180197
22,166,23.6729,297.275,2.21517,-1.24112,2.5391646231191864
23,166,15.96,297.15,1.34702,0.594928,1.47254955963594
24,166,16.6846,296.839,2.94674,-2.01894,3.572029584311978
1,167,39.2314,295.573,1.75519,3.07879,3.543958210842786
2,167,31.6436,295.53,2.65091,2.93883,3.9577829143347416
3,167,24.9863,295.719,2.29771,2.53904,3.424353276999907
4,167,30.2852,295.854,3.03244,1.77313,3.5127884010426813
5,167,0.0,295.729,3.4229,1.66786,3.8076241134859936
6,167,5.95117,295.834,3.18273,2.1832,3.8595508149135695
7,167,52.2891,296.083,3.87499,0.439715,3.8998585591435235
8,167,118.56,296.083,3.54763,-0.863261,3.651150253142289
9,167,207.817,297.104,2.55162,0.927496,2.7149610410493925
10,167,447.413,298.469,2.18881,0.416924,2.228164006054312
11,167,649.773,298.847,2.88403,2.90514,4.09358857977936
12,167,764.154,299.897,0.77845,1.88457,2.039016549074578
13,167,811.064,300.793,4.32311,2.71537,5.105145865594831
14,167,795.694,300.668,5.97051,1.66176,6.197453989962329
15,167,729.197,300.928,6.66168,1.71696,6.879384570148699
16,167,620.641,301.094,5.51497,0.72245,5.562088465981101
17,167,477.038,300.49,6.52621,1.43838,6.682840263578054
18,167,312.285,299.854,5.30294,1.32197,5.465233510519016
19,167,146.535,299.459,3.83585,0.614825,3.8848108066062883
20,167,26.5742,298.094,2.78646,-0.311812,2.803852003038677
21,167,0.0,297.333,3.4281,-2.88792,4.482404660045766
22,167,26.0693,296.657,2.18685,0.435637,2.229818942934381
23,167,17.4189,296.323,0.729836,-0.387494,0.8263245046178892
24,167,18.4268,296.188,1.60397,-0.892966,1.835785400872335
1,168,41.2061,296.178,2.20978,-0.808418,2.3530123907714553
2,168,39.8184,296.071,2.19095,-0.480602,2.243042617719066
3,168,34.8477,295.696,2.96422,3.48972,4.578727540136015
4,168,42.7705,295.632,3.60177,2.695,4.498418848095406
5,168,0.0,295.513,5.10502,2.43055,5.654096081859593
6,168,4.07227,295.388,4.74523,1.61533,5.012633914600188
7,168,45.2422,295.558,4.98534,-0.181378,4.988638380809337
8,168,118.146,295.988,3.72976,-1.24266,3.9313246537522186
9,168,253.286,296.981,3.0941,1.23072,3.3298838610978616
10,168,486.819,298.299,2.69467,1.93108,3.3151646075722994
11,168,621.085,298.428,4.30835,1.20396,4.4734102655692105
12,168,762.732,299.901,3.43031,3.32842,4.779686850882597
13,168,802.611,300.654,4.61705,1.35161,4.810821166349878
14,168,790.022,300.403,6.79864,1.69789,7.007448629972253
15,168,728.306,300.237,4.35797,1.77263,4.704691237243948
16,168,620.375,300.428,4.3763,1.3328,4.574752182359171
17,168,479.054,299.477,3.20444,1.88369,3.717085381007544
18,168,320.285,299.387,6.65304,2.29658,7.038268319551337
19,168,160.269,298.669,6.36075,1.6744,6.577442962314459
20,168,30.8203,297.195,5.93246,-0.362594,5.9435306056615875
21,168,0.0,296.582,5.81823,2.59841,6.372090305464918
22,168,26.4463,296.134,6.21321,0.635833,6.245659461417104
23,168,18.4043,295.71,3.96861,-0.892377,4.0677023050155725
24,168,20.2236,295.702,5.24557,-0.936912,5.32858411969296
1,169,43.3428,295.796,1.23712,2.82635,3.085242327095232
2,169,32.1523,295.873,2.10745,3.01354,3.677331754696603
3,169,26.0947,295.999,1.28502,2.93211,3.201334948501953
4,169,29.6553,295.931,2.92209,1.94452,3.5099527060204103
5,169,0.0,295.748,3.4893,2.31044,4.184895158017701
6,169,4.99805,295.546,3.82629,1.22519,4.017659231467995
7,169,54.2266,295.456,4.24657,0.89577,4.3400185089236665
8,169,83.4352,295.764,4.27565,-1.0449,4.401476903551806
9,169,280.192,296.864,2.47252,0.317633,2.492838918399863
10,169,517.006,298.123,2.48471,1.29632,2.802539799271368
11,169,675.523,298.831,3.74097,2.16539,4.3224727174384805
12,169,766.56,299.978,3.68079,1.39336,3.9356914403570817
13,169,808.736,300.984,4.29479,2.55571,4.997686939795249
14,169,792.944,300.433,6.01788,0.0152712,6.017899376356291
15,169,726.947,300.442,4.79547,0.263839,4.802722513202382
16,169,619.953,300.633,4.75228,-0.619347,4.792468664979355
17,169,478.132,300.414,7.81528,1.03506,7.88352400148563
18,169,310.324,299.784,6.95041,0.411811,6.962599189083125
19,169,151.199,299.248,5.28165,1.72127,5.555051497097034
20,169,28.293,298.388,3.6224,-1.38896,3.8795607536936445
21,169,0.0,297.513,2.91736,-0.158424,2.9216583532945806
22,169,25.1758,296.727,3.80892,-1.17764,3.9868167171316014
23,169,16.5283,296.409,1.59751,-1.82792,2.427618117929589
24,169,17.3965,296.362,3.03561,-2.27285,3.7921992556562745
1,170,40.1221,296.385,1.45782,3.11736,3.441391073679363
2,170,31.9287,296.622,2.20706,2.85289,3.6069509555440313
3,170,30.7803,296.578,2.47398,3.25974,4.092246560020547
4,170,36.6992,296.453,3.38888,-0.948551,3.5191272574320185
5,170,0.0,296.453,3.91508,2.43739,4.611802404537731
6,170,5.29297,295.927,3.47033,2.16757,4.0916439255878565
7,170,42.5078,295.831,4.67284,0.832782,4.746468110619095
8,170,81.5134,296.039,3.95583,-1.09129,4.103596575322677
9,170,244.755,296.956,3.22203,1.13111,3.414804116344011
10,170,514.038,297.899,3.55991,1.1552,3.742652301256423
11,170,677.945,298.076,4.09448,-0.887344,4.189528117191243
12,170,767.888,299.073,3.51087,0.780079,3.596488760324575
13,170,803.33,300.154,3.78893,2.53178,4.5569617634230815
14,170,789.475,300.51,5.9793,1.50502,6.165801950306221
15,170,724.884,300.359,4.55621,2.29216,5.100298719653585
16,170,618.0,301.187,4.00716,0.688271,4.0658391796824676
17,170,476.21,301.049,7.45297,2.00186,7.717137116865295
18,170,317.464,300.344,6.29953,2.60322,6.8162183495909225
19,170,156.48,300.068,5.50724,1.99666,5.858015327156459
20,170,29.0781,299.112,2.1639,0.135453,2.1681353106319263
21,170,0.0,298.487,3.55066,-0.01194,3.5506800755911536
22,170,26.1836,298.169,3.13802,0.581145,3.1913788605280007
23,170,18.623,297.672,2.01255,-3.08378,3.6823982118858356
24,170,19.2812,297.091,2.89498,-1.25332,3.1546347209780086
1,171,47.835,296.5,0.953918,-0.468575,1.062789763475825
2,171,42.7549,296.413,0.648954,-0.73402,0.9797584674377661
3,171,38.9072,296.25,0.0633373,-1.53909,1.5403926907354792
4,171,40.2803,296.044,1.3132,-0.830387,1.5537170945088425
5,171,0.0,295.877,1.59916,-2.89904,3.310852703941992
6,171,4.45508,295.625,1.09826,-2.52579,2.7542313177545568
7,171,69.6797,296.245,1.91551,-1.60814,2.501058339923321
8,171,163.771,296.962,-0.0246391,-2.84178,2.8418868122514676
9,171,238.473,297.913,-0.0597076,-2.18188,2.182696802558193
10,171,417.225,299.369,1.42905,-2.56892,2.939648596159071
11,171,614.648,300.621,0.189209,-4.25844,4.262641350064652
12,171,751.732,301.79,0.45472,-3.78486,3.8120775828936115
13,171,818.674,302.913,-0.40443,-2.87691,2.905197888784859
14,171,783.569,303.621,2.41143,-3.08531,3.915882077003852
15,171,710.619,303.918,3.34967,-1.77962,3.7930642564159127
16,171,602.203,303.956,3.41146,-1.56661,3.7539747233698844
17,171,482.616,303.584,1.67368,-2.57139,3.0681022268659826
18,171,322.902,301.913,2.72726,-4.20245,5.009843621321926
19,171,151.105,300.736,1.61515,-3.03459,3.4376512316696703
20,171,21.707,299.029,0.00814056,-2.46025,2.4602634678458957
21,171,0.0,297.98,-1.16712,-1.11936,1.6171381833349925
22,171,39.8242,296.986,-0.682295,-1.99405,2.107548782240876
23,171,23.9961,296.164,0.0604019,-2.22538,2.2261995718990715
24,171,34.3652,295.491,-1.18412,-2.87051,3.105151821489571
1,172,44.4141,296.738,2.70929,-1.25813,2.987163102510474
2,172,40.4717,296.477,3.61868,-1.99574,4.132532285415324
3,172,38.6758,296.238,1.33531,-1.72561,2.18192178324522
4,172,36.1699,295.478,1.14425,-2.00959,2.3125224389397823
5,172,0.0,295.846,2.57426,-2.11095,3.329102649378658
6,172,2.24609,295.5,1.57922,-2.74014,3.1626417799048947
7,172,35.8828,295.839,0.220201,-1.74925,1.763055314759296
8,172,119.763,296.375,-0.553448,-2.13768,2.2081622384018798
9,172,290.411,297.608,1.41246,-2.11303,2.5416410117284465
10,172,466.928,298.574,2.72885,-2.13239,3.4631935312078648
11,172,625.07,299.243,1.55591,-2.32289,2.795831518564736
12,172,774.966,300.268,-0.811394,-2.28828,2.4278767640957395
13,172,833.314,301.088,0.993031,-1.33296,1.662195213734235
14,172,793.772,300.794,1.37921,-0.932971,1.6651291574352425
15,172,723.337,301.143,3.51959,-1.68001,3.899993252327496
16,172,637.203,301.371,3.53646,1.32011,3.7748165178853395
17,172,494.991,300.717,4.08334,-1.80381,4.464011208733687
18,172,327.004,300.289,3.86007,-1.40264,4.107011002481001
19,172,155.902,299.764,3.19913,-3.39103,4.66192205187946
20,172,24.1719,299.064,3.82015,-3.80009,5.3883420484041284
21,172,0.0,298.426,2.24841,-3.71799,4.344973782222397
22,172,49.0215,297.66,1.93392,-3.0712,3.6293685409999354
23,172,40.1543,297.348,2.47739,-2.73027,3.686710659246261
24,172,32.6484,296.183,0.505333,-0.727927,0.8861372118458857
1,173,38.1689,296.812,0.961731,0.572441,1.119202937291535
2,173,35.6748,296.635,2.04397,-0.239391,2.0579410612991325
3,173,38.0068,296.125,1.60533,1.03904,1.9122469847015053
4,173,40.4131,295.831,6.95529,0.0221519,6.95532527569873
5,173,0.0,295.893,1.4854,-1.71398,2.268069796192348
6,173,2.52539,295.643,-1.00623,-2.03604,2.2711137563979484
7,173,33.9453,295.706,0.111803,-2.22972,2.2325212628794824
8,173,106.029,296.393,-0.592999,-2.25633,2.3329536821165138
9,173,281.036,297.831,1.54576,-2.02612,2.548437998461018
10,173,428.85,298.966,2.01792,-2.63288,3.3172365337431096
11,173,556.757,299.74,0.190674,-2.97133,2.977441610372234
12,173,688.919,301.24,-1.50231,-2.59394,2.9975756970758884
13,173,816.111,302.625,1.39342,-2.54927,2.9052361056031226
14,173,776.725,303.5,3.90118,-1.66686,4.242361094013568
15,173,713.322,304.0,1.1651,-1.53987,1.9309732330873985
16,173,615.797,303.432,1.57259,0.548622,1.6655405750038033
17,173,484.225,302.51,3.49399,-1.29307,3.7255866846712884
18,173,315.91,302.135,2.84298,-2.08135,3.5234291681400376
19,173,147.457,300.572,3.77433,-3.17424,4.931669750348253
20,173,21.2188,298.583,3.73666,-4.67119,5.981859574722563
21,173,0.0,297.208,1.66931,-3.69065,4.050616409708527
22,173,38.792,296.429,2.22103,-1.83194,2.879058600393538
23,173,32.3691,295.794,2.20249,-0.900189,2.3793491622334457
24,173,40.2871,295.054,1.66744,-0.964255,1.9261733719021763
1,174,45.6406,296.392,0.343079,0.68914,0.7698163026599267
2,174,41.0107,296.205,0.485868,-1.44789,1.5272371019340776
3,174,39.5283,296.115,0.0301342,-2.23586,2.236063060293614
4,174,38.9629,295.649,,-2.27814,2.27814
5,174,0.0,295.423,0.0640087,-3.43273,3.4333267200451063
6,174,5.99023,295.205,1.07824,-3.25186,3.4259589835840125
7,174,53.5469,295.553,0.302233,-3.2346,3.248689265886936
8,174,147.373,296.519,0.6404,-3.05857,3.1248940149867486
9,174,330.411,297.519,-1.58461,0.0256405,1.5848174302866087
10,174,574.022,299.269,-1.21939,-2.56501,2.8401035671608876
11,174,721.976,300.769,-2.3479,-3.56606,4.269592291261544
12,174,806.56,302.171,2.91761,-2.94258,4.1438177045449285
13,174,837.221,303.519,2.42955,-1.88521,3.0751796608653614
14,174,790.663,304.144,5.38311,-1.20446,5.516212211626743
15,174,708.759,304.214,-2.39203,-1.47737,2.811481751283476
16,174,582.969,303.963,-1.78288,0.986122,2.037424279153461
17,174,453.725,303.714,3.56674,-2.33213,4.261509657914669
18,174,299.855,302.833,1.84738,-2.76104,3.322070852043948
19,174,131.051,301.278,1.66935,-1.86955,2.5063811811055396
20,174,15.1094,300.019,0.310875,-3.82353,3.836147146099195
21,174,0.0,298.418,0.614133,-4.42796,4.470345523926422
22,174,45.0137,296.945,-0.57292,-5.25772,5.288842682931683
23,174,37.874,296.644,1.06577,-6.89726,6.979116075872359
24,174,33.4746,295.834,-0.891151,-6.9916,7.048164347175866
1,175,40.3066,296.622,2.35089,0.787285,2.4792138801089756
2,175,35.9102,296.497,3.02298,0.902699,3.1548809113817593
3,175,38.708,296.247,0.279158,-0.382347,0.4734114673019656
4,175,41.0596,295.883,0.0212078,-0.685856,0.6861838117566167
5,175,0.0,295.872,0.685591,-0.80724,1.0590899097248543
6,175,3.76953,295.622,-0.202523,-1.17715,1.19444451023436
7,175,33.0625,295.747,-0.326674,-1.28538,1.3262419261492226
8,175,95.654,296.425,0.110615,-1.43064,1.4349099232443128
9,175,278.005,297.551,-1.79701,-2.15551,2.8063264778353925
10,175,367.835,298.625,0.754244,-2.02741,2.1631632669856433
11,175,498.023,299.612,-3.40991,-3.18422,4.665484242444722
12,175,686.232,300.886,0.665169,-2.38496,2.475981421610631
13,175,821.33,302.05,3.70494,2.24907,4.334154619819187
14,175,790.132,302.8,5.12725,-2.68053,5.785666222951338
15,175,714.181,303.197,3.19293,-1.83626,3.6832937396439074
16,175,611.875,303.436,3.56771,-0.0138779,3.5677369914566865
17,175,474.991,303.497,1.76791,-2.24033,2.8538718045840814
18,175,305.511,302.808,3.81369,-2.40948,4.511078062558882
19,175,138.933,301.122,4.92521,-1.20939,5.071520256905221
20,175,18.5352,298.612,2.9222,-2.3665,3.760262635774262
21,175,0.0,297.365,3.07849,-1.2346,3.3168264712070785
22,175,42.3516,296.0,2.45638,-0.520417,2.510903534245989
23,175,33.6201,295.58,3.19663,-3.24687,4.556381036941489
24,175,42.5977,295.026,-2.19193,0.89512,2.3676564234069097
1,176,36.6064,295.708,0.879211,1.1618,1.4569801723156701
2,176,29.7373,295.651,2.11087,-1.36341,2.5128985226228298
3,176,34.7246,295.64,-2.43178,2.42673,3.435487223277071
4,176,34.8457,295.449,6.15695,-0.69025,6.195520830809949
5,176,0.0,295.099,2.38481,-3.40099,4.153799672131529
6,176,4.44336,295.015,1.31164,1.08847,1.704454877812845
7,176,39.7734,295.084,1.51464,-0.820539,1.7226196852819835
8,176,130.318,296.0,2.74782,-2.41209,3.656322321746265
9,176,350.067,297.303,2.8734,-0.78393,2.9784180037227816
10,176,490.053,298.677,2.01401,-5.67243,6.0193602969917
11,176,671.663,299.959,2.15845,-2.61293,3.389145849236943
12,176,784.513,301.084,1.48255,-2.59639,2.989848747779727
13,176,855.049,302.209,3.43737,-6.08101,6.985284184412256
14,176,834.132,302.824,2.89923,-3.00084,4.172598147257893
15,176,757.712,302.949,1.03326,-1.69368,1.9839803854877196
16,176,637.219,303.0,0.072588,-5.5881,5.588571429958106
17,176,357.944,302.465,1.70248,-4.15146,4.486987662340961
18,176,273.925,302.338,1.363,-4.93096,5.115870944580209
19,176,138.363,301.11,0.226965,-2.22892,2.240445821176
20,176,16.1406,298.99,2.07406,-2.86064,3.5334099809107915
21,176,0.0,297.674,1.307,-0.60569,1.4405239935870557
22,176,46.1797,296.7,-0.648115,0.75595,0.9957476867786337
23,176,35.4268,295.906,0.997414,0.0656309,0.9995709591773912
24,176,38.3691,295.147,-0.822792,-0.768943,1.1261705077442759
1,177,38.085,296.681,1.25568,0.999199,1.6047214412479818
2,177,38.9121,296.754,1.27298,-1.84681,2.2430303735125836
3,177,41.7383,296.504,1.02183,-1.01809,1.4424436893688433
4,177,41.4043,296.004,-0.70389,-1.97687,2.0984461224915925
5,177,0.0,296.004,-1.25044,-2.70079,2.9762168633518624
6,177,2.08398,295.631,-0.658578,-2.34366,2.4344336461863154
7,177,51.4141,296.001,0.115709,-1.21605,1.2215425392433126
8,177,139.638,296.832,-1.75853,-2.53758,3.0873516186693086
9,177,147.177,297.625,0.644882,-1.8601,1.9687165372201252
10,177,308.116,299.004,1.26987,-2.25202,2.5853750012909154
11,177,567.601,300.127,-0.942627,-4.4225,4.521841650381956
12,177,750.701,301.377,-0.992546,-2.70039,2.8770216742694172
13,177,808.08,303.004,0.479359,-2.24263,2.2932889847947644
14,177,767.335,303.119,3.84649,-2.26891,4.465807643439202
15,177,712.384,302.865,1.17145,-1.4012,1.826377984563984
16,177,612.203,302.494,2.33626,-1.09005,2.578045730800755
17,177,483.257,301.798,3.98959,-2.75498,4.848375312256674
18,177,317.793,301.002,3.29367,-3.72198,4.970050018792567
19,177,150.09,300.003,3.53898,-3.14299,4.733155985228039
20,177,22.4062,298.003,3.89095,-4.43681,5.901251975521805
21,177,0.0,296.752,2.49011,-4.16331,4.8511645991658545
22,177,37.1924,296.077,1.7181,-2.11807,2.727285855003102
23,177,30.4619,295.711,2.07993,-2.44706,3.211574605781407
24,177,35.8467,295.531,-0.709511,-1.6332,1.780659456246758
1,178,46.3926,295.068,-0.133484,-1.01154,1.0203093402767613
2,178,41.2852,294.82,1.55032,-0.543102,1.6426965285176685
3,178,40.1172,295.124,1.2025,-0.663109,1.3732151309539957
4,178,38.8477,295.154,,-0.751286,0.751286
5,178,0.0,295.056,-0.490191,-3.13878,3.1768265777157243
6,178,3.10938,294.96,0.237418,-1.86905,1.884068791001008
7,178,55.1562,295.364,0.847643,-1.74974,1.9442450264946032
8,178,112.185,296.066,0.744404,-2.45213,2.562631236076701
9,178,302.239,297.404,-1.02797,-1.91332,2.1719842870748396
10,178,537.256,298.943,-1.44693,-1.46247,2.0572858152915945
11,178,645.163,300.173,-2.04028,-2.37611,3.1318750311115546
12,178,704.466,301.548,1.1139,-2.27607,2.534022070720774
13,178,813.299,302.739,1.10924,-2.94771,3.1495091080516024
14,178,784.491,303.547,2.46856,-2.25621,3.34428946679261
15,178,704.759,303.74,-0.202088,-1.4847,1.4983903529267664
16,178,583.719,303.614,3.01106,-0.479698,3.0490314027251344
17,178,453.866,303.548,4.91928,-2.40439,5.4754366940455075
18,178,302.761,302.729,1.18283,-4.19756,4.36103161677372
19,178,135.332,301.048,1.50919,-3.06291,3.4145383471561717
20,178,16.7812,298.945,-0.757973,-3.09404,3.185530817670581
21,178,0.0,298.125,1.90954,-4.79026,5.15683370676232
22,178,48.0791,296.671,2.97786,-4.9755,5.798555891737184
23,178,36.9473,295.587,0.739113,-4.19511,4.2597225189992125
24,178,30.9336,294.404,1.87447,-2.28847,2.9581637415464344
1,179,41.1182,296.625,1.71466,1.56463,2.321233713459289
2,179,36.8613,296.658,2.12308,0.454456,2.1711745536312828
3,179,35.7363,296.217,0.728376,-0.405785,0.8337823838394525
4,179,33.3174,295.841,1.79562,-0.37775,1.8349240439048151
5,179,0.0,295.533,1.78618,-1.83458,2.5604926808721795
6,179,2.76758,295.5,-0.49891,-0.777251,0.9235963972975426
7,179,29.3281,295.5,2.35057,0.841083,2.4965175620830307
8,179,74.9821,296.0,0.110126,-0.73289,0.7411177288231608
9,179,151.63,296.592,0.981308,-1.98364,2.2130958046284395
10,179,339.694,298.121,-0.510405,-2.2569,2.313895173516942
11,179,516.46,299.625,0.801025,-3.13979,3.2403583589975042
12,179,658.138,300.938,2.04261,-2.82393,3.485231162634696
13,179,816.002,302.376,3.30944,-2.01363,3.873899700624682
14,179,797.663,303.096,2.56915,-1.71227,3.087458546345198
15,179,717.822,303.559,0.911193,-0.7679,1.1916136509997692
16,179,617.485,304.188,3.47396,-1.6672,3.85330428614196
17,179,478.507,303.563,4.56625,-3.85361,5.975027120825478
18,179,313.839,302.721,3.88058,-3.0169,4.915341976546495
19,179,146.762,301.567,4.12296,-1.30705,4.325179633737771
20,179,20.9883,300.095,4.02962,-2.41045,4.695541134619098
21,179,0.0,298.845,2.72155,-2.77561,3.887267070140666
22,179,43.7568,297.75,1.53646,-2.31436,2.777943761345791
23,179,39.5811,296.874,-1.01968,-1.05253,1.4654578476708227
24,179,40.4629,296.412,0.35006,-0.790427,0.8644748960663924
1,180,41.8828,294.697,2.84601,-0.197578,2.852859966101386
2,180,42.7832,294.719,1.85306,-1.50502,2.387240365778025
3,180,41.4316,294.719,2.65172,0.400856,2.681847216217956
4,180,40.8643,294.479,-0.20096,0.353207,0.40637434275431317
5,180,0.0,294.469,-0.685015,-1.4049,1.563006577153468
6,180,3.39453,294.116,-0.263558,-1.10831,1.1392163426952755
7,180,31.7422,294.217,0.261705,-2.79124,2.803481807436068
8,180,152.107,295.045,-0.962627,-3.28953,3.4274857201787143
9,180,365.583,296.534,-2.23744,0.080328,2.238881493331882
10,180,552.428,297.866,1.53452,-3.33747,3.673344202671457
11,180,689.898,299.004,1.04565,-4.86147,4.972652660643009
12,180,809.966,300.117,2.01038,-4.0373,4.5101462320417065
13,180,840.846,301.174,2.28307,-3.20357,3.9338618900261357
14,180,796.257,301.491,-3.48652,1.6476,3.856216730216288
15,180,717.978,301.684,-4.66742,-3.25374,5.689607494722285
16,180,600.063,301.787,6.74837,-4.58321,8.157592264939455
17,180,470.819,301.741,2.78793,-1.70908,3.270092985115255
18,180,301.754,301.059,1.66183,-3.55401,3.923348828360792
19,180,134.832,299.48,2.54239,-2.19963,3.361862437548568
20,180,16.7109,297.879,1.21615,-4.59795,4.756066129165994
21,180,0.0,296.446,1.65905,-3.90257,4.2405777327387835
22,180,44.7207,294.936,1.57845,-1.83682,2.421861291424428
23,180,30.877,294.479,2.31187,-3.86699,4.505369525022338
24,180,35.6895,293.546,1.3901,-3.59414,3.8535983638153053
1,181,42.6592,292.024,-0.139343,0.524101,0.5423083346676502
2,181,40.3242,292.883,3.15872,0.256702,3.1691336284864984
3,181,41.5576,291.285,-1.99233,-0.0464096,1.992870462391412
4,181,41.6279,290.533,0.821012,0.0192223,0.8212369943939996
5,181,0.0,290.039,1.04594,-0.593372,1.202531003335881
6,181,13.5898,290.587,-0.0706873,-1.15567,1.157829798926116
7,181,142.258,291.896,0.373522,-1.3303,1.3817441060066078
8,181,297.685,292.971,2.88356,-2.2075,3.6315250960994336
9,181,481.63,294.712,1.49693,-1.27514,1.9664133452812
10,181,650.491,296.609,-0.0260296,-1.99665,1.9968196620066019
11,181,721.741,297.654,-0.105713,-5.11147,5.112563036214712
12,181,712.763,298.534,-2.12341,-0.181347,2.131139780143245
13,181,714.252,299.255,0.682484,2.21098,2.3139180993838138
14,181,799.772,300.307,-3.34345,-1.83727,3.8149992077849766
15,181,719.337,299.963,-2.3891,-1.77571,2.9767339172489033
16,181,587.5,299.667,4.59407,-2.83517,5.398487574663852
17,181,441.772,298.987,4.75961,2.22158,5.252552241387039
18,181,264.472,297.953,5.22433,-2.43194,5.762634476738916
19,181,101.426,296.039,2.7753,-1.01603,2.9554368629527517
20,181,11.8711,295.298,3.5516,-3.33037,4.8688013819522356
21,181,0.0,293.796,3.03113,-3.02854,4.284834140138916
22,181,42.6211,292.583,-0.715498,-2.0419,2.16362958890934
23,181,31.2109,293.04,-0.941063,-2.32011,2.503699259509616
24,181,35.8086,292.647,2.03756,-3.50136,4.051070550261993
1,182,40.3018,296.854,2.08478,0.463554,2.1356942569843653
2,182,36.9893,296.711,3.70364,1.87438,4.150933585833433
3,182,35.8721,296.336,1.69468,0.542946,1.7795310228585508
4,182,37.8262,296.072,4.94162,-1.33527,5.118843052614526
5,182,0.0,295.961,0.135786,-1.08361,1.0920844609717693
6,182,3.08594,295.711,1.52502,-0.678618,1.6691939343060171
7,182,38.6719,295.803,1.97362,-0.0466127,1.974170369598655
8,182,101.568,296.125,0.394306,-1.00096,1.075824401673433
9,182,226.927,297.447,0.561386,-0.890375,1.0525786819145637
10,182,369.928,298.639,0.850924,-1.18806,1.4613549251896336
11,182,533.101,299.625,-0.144775,-3.03041,3.033866274034668
12,182,697.544,301.047,3.90931,-1.63691,4.238181098561032
13,182,817.799,302.586,4.68444,-1.94136,5.070784629936476
14,182,796.632,303.369,4.7713,-1.97447,5.1637036583154154
15,182,717.791,303.711,1.69635,-0.74495,1.8527152573992585
16,182,623.641,303.961,3.00423,-2.29317,3.779421455963862
17,182,479.71,304.086,1.66098,-1.70322,2.379036134404015
18,182,310.847,303.354,4.09396,-0.0715876,4.094585847930626
19,182,144.285,301.551,4.44279,-2.33049,5.016928006678987
20,182,19.5273,299.722,3.44857,-2.3206,4.15665964506357
21,182,0.0,298.387,2.76159,-1.89182,3.3474411481757227
22,182,42.832,297.256,1.29231,-0.495027,1.38387747536731
23,182,36.4463,296.723,2.01353,-0.0134706,2.013575058934819
24,182,42.3857,296.005,-1.00443,0.621682,1.181257014380867
1,183,48.0146,296.391,1.25568,1.69207,2.1070911578049962
2,183,44.7842,296.38,0.631376,-1.15297,1.3145248093041075
3,183,42.6377,295.886,1.09703,-1.24905,1.6624081097612582
4,183,40.665,295.625,-0.345003,-2.70295,2.724879038142611
5,183,0.0,295.516,2.23393,-1.42882,2.651786159798712
6,183,4.47852,295.511,2.78185,-1.68301,3.2513400441356484
7,183,46.1406,295.761,-0.544935,-0.654523,0.8516774693239219
8,183,115.904,296.278,-0.393291,-2.54344,2.573667586204753
9,183,244.973,297.522,1.86461,-1.92065,2.6768763278493086
10,183,395.397,298.897,2.14487,-1.4488,2.5883370640046093
11,183,559.773,299.772,1.30591,-3.76772,3.987620208407516
12,183,709.138,301.017,-1.1068,-2.64668,2.8687839344223884
13,183,810.986,302.392,2.17565,-2.73726,3.496576215399859
14,183,778.6,303.392,6.01104,-3.11461,6.770036730601984
15,183,714.619,303.887,4.27399,1.23747,4.449530595579718
16,183,607.047,303.897,6.84407,2.1287,7.167472208170745
17,183,477.804,304.131,1.78305,-2.48447,3.0580808497160437
18,183,315.433,301.995,2.19162,-4.41436,4.928465525292838
19,183,147.433,300.261,1.43253,-3.19572,3.5021091529676798
20,183,20.7773,298.261,0.193199,-2.68291,2.689857230728241
21,183,0.0,297.261,2.07361,-1.06858,2.332749804093872
22,183,39.0771,296.017,2.22103,-1.85733,2.8952804682448297
23,183,24.5156,295.283,1.1937,-0.968549,1.5372074861257343
24,183,36.4834,295.495,0.25338,-2.90371,2.9147441034334385
1,184,43.0303,294.392,1.03595,-0.34211,1.090977385008507
2,184,38.6748,294.376,3.05227,-0.735973,3.139746551814175
3,184,37.876,293.063,1.14635,0.250465,1.1733929600628257
4,184,40.6104,293.625,2.93429,0.458187,2.969847324538586
5,184,0.0,293.746,0.0327587,-1.17882,1.1792750844589612
6,184,5.35547,293.635,3.16564,-0.873931,3.2840572471199403
7,184,33.6484,293.632,3.51122,-0.906964,3.6264651639986836
8,184,172.045,294.757,2.93435,-1.11424,3.1387801293018276
9,184,385.223,296.236,-0.555801,-1.01928,1.1609679022268444
10,184,568.475,297.74,-1.15884,-1.13972,1.6253835928789242
11,184,679.663,298.743,-3.01392,-2.67592,4.030417051968692
12,184,709.279,299.99,-1.10192,-1.35176,1.7439847430525304
13,184,800.955,301.118,1.36119,2.20512,2.591407422714537
14,184,815.085,301.476,-2.45283,1.02211,2.657270001524121
15,184,735.962,301.368,2.37994,-2.38313,3.3679998516181677
16,184,631.969,301.368,4.45442,-1.88888,4.8383597624401595
17,184,481.46,301.121,4.36557,-2.35068,4.958215191709614
18,184,307.214,300.263,4.0715,-1.95538,4.516704904507267
19,184,134.847,298.638,3.41886,-1.86271,3.893365156737806
20,184,15.8906,296.777,2.57455,-3.38115,4.249762702198795
21,184,0.0,295.96,2.3739,-4.62132,5.195382541488162
22,184,46.1992,294.201,0.00618172,-2.60343,2.6034373390888743
23,184,34.1934,294.138,-0.423485,-3.53593,3.5611993078350728
24,184,40.3867,293.13,-0.97123,-0.859763,1.297104517403667
1,185,63.999,298.875,-1.24384,-0.973457,1.5794798119789313
2,185,63.999,299.0,-0.0439167,-1.03285,1.0337832456752674
3,185,63.999,299.0,1.04332,0.207008,1.0636582789900149
4,185,63.999,299.0,-1.11209,-2.07355,2.352945764483321
5,185,0.0,298.99,1.02348,-2.18029,2.408563014434125
6,185,0.912109,299.115,0.891227,-1.75577,1.9690134226127054
7,185,26.0234,299.125,0.962877,-1.37669,1.6800022241738253
8,185,83.7712,299.125,-1.06175,-2.17967,2.424515285866435
9,185,141.911,298.888,-2.19838,-4.17114,4.715006206146499
10,185,350.241,298.762,-2.07974,-4.89948,5.32261427665015
11,185,576.663,298.875,-1.6189,-2.06459,2.623617555609049
12,185,676.373,299.25,-1.92077,-2.55195,3.194026642875729
13,185,807.424,299.24,-3.24134,-2.45504,4.066141463008881
14,185,706.522,299.012,-3.47529,-2.66393,4.378831308579951
15,185,637.119,299.24,-2.3476,-1.64729,2.8678894860332393
16,185,468.891,299.375,-2.03288,-2.71993,3.395676707123339
17,185,450.71,299.624,-1.40933,-4.94932,5.146064468241726
18,185,340.386,299.639,-1.77713,-4.51006,4.847559410724123
19,185,169.082,299.75,-1.32137,-3.81193,4.034455229866853
20,185,27.1523,299.75,0.90609,-4.25224,4.34770561396468
21,185,0.0,299.625,0.971555,-5.1887,5.278875524960311
22,185,63.999,299.365,0.71419,-5.36417,5.411505072066365
23,185,63.999,299.25,1.42808,-5.1121,5.3078224251005235
24,185,63.999,299.125,3.05416,-5.85293,6.601869651129141
1,186,63.999,298.863,-1.17889,-1.0008,1.5464094774994106
2,186,63.999,299.0,0.170439,-1.10853,1.1215561571410502
3,186,63.999,298.988,1.17711,0.0488052,1.1781213433458542
4,186,63.999,298.986,-1.10477,-2.08625,2.3607108707760043
5,186,0.0,298.888,1.0728,-2.24327,2.4865960936388523
6,186,0.935547,299.013,1.00548,-1.74307,2.012283045523169
7,186,25.875,299.112,1.06444,-1.38304,1.7452312612373182
8,186,82.4352,299.113,-1.11302,-2.13475,2.4074823120637876
9,186,143.161,298.89,-2.20424,-4.22289,4.7635568569819755
10,186,347.272,298.738,-2.07974,-4.95661,5.375248939323648
11,186,583.398,298.875,-1.6062,-2.0768,2.625447900835208
12,186,679.076,299.25,-1.92712,-2.55976,3.2040853222097567
13,186,806.08,299.138,-3.24232,-2.39791,4.032692816282936
14,186,696.429,299.0,-3.46894,-2.65807,4.37022663582794
15,186,625.994,299.138,-2.28314,-1.66048,2.8231050440959504
16,186,436.188,299.375,-1.98991,-2.72677,3.375650521158848
17,186,431.413,299.598,-1.52261,-5.01377,5.23986935190182
18,186,334.777,299.638,-1.84696,-4.51006,4.873592355255002
19,186,168.566,299.75,-1.26278,-3.81682,4.020289571759726
20,186,27.0117,299.75,0.980309,-4.25224,4.363777120005214
21,186,0.0,299.625,1.057,-5.25022,5.35556337357705
22,186,63.999,299.265,0.766924,-5.37003,5.4245179161540245
23,186,63.999,299.25,1.49204,-5.1248,5.3375798262508445
24,186,63.999,299.113,3.05514,-5.92226,6.663861037506709
1,187,41.7324,295.823,1.36017,-1.06184,1.725562695036028
2,187,42.0186,295.483,1.5679,-1.21742,1.9850495878944687
3,187,41.3721,294.998,1.34361,-0.382835,1.3970864215663252
4,187,36.8213,294.84,1.51584,-1.78205,2.339545491778264
5,187,0.0,294.815,1.35991,0.674206,1.517863280580962
6,187,12.4883,294.943,-0.105355,-0.27481,0.2943131191860125
7,187,67.4609,295.233,-1.0674,-1.61448,1.9354297792480097
8,187,149.084,295.943,-0.472881,-1.01853,1.1229513796514077
9,187,336.973,296.973,4.44322,-1.31664,4.6341930104388185
10,187,378.6,297.987,8.18393,,8.18393
11,187,520.023,299.279,3.20093,,3.20093
12,187,630.482,300.436,8.98695,1.07061,9.050495902137076
13,187,760.705,301.819,6.43444,-3.50679,7.328000697168362
14,187,764.21,302.358,6.01934,-2.16686,6.397478901504873
15,187,726.025,302.702,4.00641,-3.49153,5.314329951085085
16,187,598.985,302.483,5.48665,2.38651,5.983206347987674
17,187,432.757,302.23,3.93051,3.54873,5.295506913695798
18,187,286.472,301.593,3.67306,4.25068,5.617797631278649
19,187,122.965,299.906,4.28946,-2.3842,4.907532652117559
20,187,9.91406,298.344,2.62728,-1.92705,3.2582390797637912
21,187,0.0,297.203,-1.11341,-3.53049,3.70189700939937
22,187,34.1221,296.432,6.55501,-1.22843,6.669122608334623
23,187,40.6484,296.108,1.55454,-3.94413,4.239428743179911
24,187,40.2842,295.654,4.92525,-4.76601,6.8536806814003235
1,188,33.8174,296.969,1.36163,-2.00617,2.4246142633004535
2,188,32.7373,296.527,2.82962,-1.5265,3.21511299869849
3,188,31.9863,296.277,2.17711,-0.953148,2.376615042871689
4,188,31.9346,295.844,2.81662,-1.11994,3.031107689937789
5,188,0.0,295.527,3.81352,0.69862,3.8769839688603307
6,188,5.27148,295.433,2.95959,-2.46719,3.8530766231934708
7,188,46.0078,295.652,2.65624,-1.31761,2.9650812888856857
8,188,114.068,296.027,3.49685,-0.571269,3.5432059201888055
9,188,158.739,296.786,3.76256,-2.83813,4.712943841220687
10,188,399.46,298.536,3.96518,-1.6612,4.299097332278021
11,188,641.351,299.5,2.20142,-4.01918,4.582582011137389
12,188,727.732,300.683,1.93616,-2.5085,3.16879910937882
13,188,803.861,301.902,3.36022,-2.873,4.4209962054270076
14,188,806.694,302.433,1.91778,-2.26891,2.970830307590792
15,188,721.494,303.188,1.54645,-1.076,1.883954246392412
16,188,575.594,303.642,-0.275068,-0.268761,0.38457103341905513
17,188,394.85,303.594,2.48715,0.097559,2.4890626510759026
18,188,240.089,301.97,1.04171,-2.25518,2.4841490608455845
19,188,124.207,301.536,2.1757,-2.50725,3.319634475736749
20,188,14.8477,300.219,4.41634,-4.57841,6.3612810913918905
21,188,0.0,298.527,0.665891,-3.16233,3.231677869587407
22,188,38.9336,297.157,0.0716114,-0.544831,0.5495170708640087
23,188,32.207,296.639,3.98521,0.282428,3.9952051661064916
24,188,28.9355,295.755,3.00436,-1.26601,3.260208632848518
1,189,31.5527,295.759,1.51105,-1.0218,1.8241017906081887
2,189,30.0059,295.707,3.08011,-1.68031,3.508634963657519
3,189,30.6357,295.302,3.20543,-1.61135,3.5876496912881555
4,189,31.4336,295.052,2.78879,1.90741,3.3786924352772925
5,189,0.0,294.834,2.59282,-0.706654,2.687391937942064
6,189,6.46484,294.802,3.38537,-0.26065,3.3953892942341675
7,189,73.9141,295.07,2.41356,-1.05931,2.6357939126001484
8,189,171.302,295.588,4.29958,-0.821757,4.377404795475168
9,189,276.098,296.547,4.04039,-2.28295,4.640755547817618
10,189,457.96,297.64,3.84311,-1.97126,4.319185161543784
11,189,638.163,298.657,3.44458,-3.02699,4.585607902612259
12,189,751.919,299.677,2.97132,-3.17549,4.348848040860936
13,189,805.033,300.674,4.65123,-0.691852,4.702403609092269
14,189,813.444,301.049,4.05743,-2.00963,4.527841753175568
15,189,734.025,301.425,3.34576,-3.7762,5.045175558650065
16,189,609.922,301.457,4.37532,0.298622,4.385498854324785
17,189,461.991,301.55,2.95639,-0.944433,3.103577858470607
18,189,261.16,300.834,4.61544,-0.98565,4.719511872651663
19,189,125.426,299.471,3.4462,-4.20646,5.437885634288386
20,189,15.1289,297.947,3.69711,-2.73759,4.600328396995153
21,189,0.0,297.066,4.34216,-3.176,5.379714626780866
22,189,30.4502,295.155,0.256182,-5.05264,5.059130378506172
23,189,28.2852,294.539,3.06773,-1.11308,3.263420665390841
24,189,36.2236,293.735,3.21822,0.635354,3.280337585328071
1,190,36.7139,295.826,2.8299,0.30291,2.8460654381268182
2,190,31.7529,295.797,2.87698,-1.29066,3.153223296247825
3,190,32.8242,295.559,1.52232,-0.83596,1.7367461829524773
4,190,34.4346,295.246,1.85666,-0.288395,1.8789247008927739
5,190,0.0,294.983,2.70805,-0.292591,2.723810620395809
6,190,6.94727,294.912,2.24377,0.726167,2.3583516117807797
7,190,64.3125,295.162,1.50878,2.20973,2.675691267934326
8,190,168.537,295.953,4.19265,-2.541,4.902549849058141
9,190,279.177,296.894,3.55016,-3.73754,5.154885185646718
10,190,370.038,297.964,1.72104,-3.65241,4.037583124803748
11,190,544.101,298.934,3.19409,-3.8185,4.97826809021973
12,190,727.326,300.166,4.12611,-2.91328,5.050938931575
13,190,838.283,301.154,2.13073,-3.22066,3.8616914905906192
14,190,818.913,301.754,1.73028,-2.18541,2.7874514787705276
15,190,745.15,301.975,1.31793,-1.37239,1.9027332437837943
16,190,625.75,302.166,-0.0533886,-3.91525,3.915613988266714
17,190,413.804,301.953,0.927582,-3.98643,4.092924689219678
18,190,299.66,301.637,1.40646,-2.40948,2.7899325443458305
19,190,134.324,300.416,0.545324,-3.47404,3.5165796147074504
20,190,15.7539,298.285,1.6805,-2.0667,2.663705903436038
21,190,0.0,297.055,0.717649,0.914818,1.1627175324751065
22,190,42.4316,296.955,3.00032,1.17685,3.222870773844338
23,190,30.3652,296.001,2.88169,-1.9998,3.507611337662712
24,190,38.8604,295.246,1.96334,-2.00234,2.804294818880497
1,191,34.4082,295.938,3.55841,1.32195,3.7960286524998725
2,191,29.8809,296.107,3.16702,-0.369274,3.188475963132857
3,191,31.6895,295.673,3.3065,0.799782,3.401851480815117
4,191,32.875,295.173,3.51681,1.04412,3.668533651269946
5,191,0.0,294.966,5.3018,-2.55822,5.886728531909723
6,191,10.6934,294.86,3.10558,1.16513,3.3169496609535694
7,191,82.2344,295.507,4.92381,-0.0514956,4.924079275653405
8,191,204.818,296.571,5.14626,-1.2534,5.296697418920586
9,191,272.52,297.239,4.87291,-5.16039,7.09752610563709
10,191,419.71,298.237,2.64878,-2.65876,3.7530041601362503
11,191,551.21,298.837,4.57202,-3.12025,5.535280204551527
12,191,729.091,300.153,0.8722,-2.98994,3.1145584026632087
13,191,829.689,301.107,3.66881,-1.25435,3.8773135981759332
14,191,808.491,301.798,2.07598,-1.786,2.7385194832974986
15,191,734.275,302.239,1.5611,-1.22591,1.9849152470823535
16,191,606.219,302.403,0.842119,-1.33126,1.5752515982410558
17,191,436.866,302.173,-0.0133362,-1.78037,1.7804199479702647
18,191,276.582,301.825,0.243374,-1.84405,1.86004067331228
19,191,79.5662,300.743,0.81632,-2.4467,2.579286574306934
20,191,15.375,299.051,0.94857,-1.23369,1.5562056615370605
21,191,0.0,297.941,3.93738,-0.757057,4.009500787585532
22,191,35.5713,296.835,2.08919,-2.00089,2.8927972013606484
23,191,34.3633,295.609,0.369972,-1.71953,1.7588810936740435
24,191,36.0107,294.694,3.15084,0.0757837,3.1517512393565723
1,192,42.4043,295.382,3.73322,0.0407028,3.7334418820075186
2,192,37.9688,295.108,3.4556,-1.17396,3.6495689391488417
3,192,35.9385,295.123,2.76109,1.3325,3.0658072734762696
4,192,31.2695,294.974,3.27902,1.67791,3.68338894613371
5,192,0.0,294.873,4.14116,1.63807,4.453367205890393
6,192,8.14844,294.873,3.51623,-0.92813,3.636660378671619
7,192,48.3828,294.796,2.60839,-0.370831,2.634618382738001
8,192,145.427,295.623,3.04128,-0.0951948,3.0427694767016185
9,192,282.63,296.546,2.75279,-1.32934,3.0569588842017485
10,192,336.147,297.46,2.34116,-1.78913,2.9465261414927237
11,192,466.632,298.263,1.93726,,1.93726
12,192,602.544,299.678,2.48304,-3.6584,4.42146787861226
13,192,758.642,301.263,3.4735,0.0410585,3.4737426574837476
14,192,781.71,301.969,4.20782,2.98646,5.159912061653764
15,192,726.916,302.395,2.60309,0.432296,2.638741628071229
16,192,425.985,301.505,1.80501,3.35233,3.8073846048173277
17,192,393.819,301.751,4.86703,4.80361,6.838322166511315
18,192,299.98,301.108,5.68283,0.942084,5.760388795207837
19,192,128.285,299.733,5.06534,-1.99943,5.445676233536107
20,192,18.0,298.103,5.7513,-0.763961,5.801817654797589
21,192,0.0,296.394,4.1615,-1.00217,4.280470413272354
22,192,34.4268,295.366,3.07942,-0.476472,3.1160637193716045
23,192,24.9902,294.834,-0.477196,-2.63749,2.6803114599829625
24,192,26.5283,293.683,0.527794,1.08457,1.2061751909801495
1,193,47.3145,295.069,4.76251,1.43328,4.973509129226566
2,193,44.5811,294.694,5.147,1.33141,5.316414354440407
3,193,44.2441,294.409,3.57115,0.14695,3.5741721593957947
4,193,44.6162,294.194,3.55734,-2.15949,4.161497919703914
5,193,0.0,294.052,3.45952,1.34022,3.710049632929457
6,193,10.6641,294.177,1.86877,-1.45743,2.369895254605148
7,193,57.5625,294.552,0.384752,-2.14427,2.1785150755512346
8,193,130.99,295.5,1.08571,-0.882304,1.3990091323919225
9,193,252.786,296.448,3.36803,0.459723,3.399260407445861
10,193,395.819,297.788,3.45639,-0.205147,3.462472689236552
11,193,550.07,299.104,5.23315,-1.38441,5.413173742879495
12,193,684.591,299.947,5.82825,-0.648632,5.864232390852531
13,193,797.517,302.082,3.23717,3.7227,4.933332028041494
14,193,789.225,302.086,7.38409,4.32679,8.558381671332494
15,193,734.056,302.302,7.02936,-2.37483,7.419684598316831
16,193,557.797,301.871,5.6722,1.10038,5.777948510016336
17,193,428.272,301.707,7.21078,1.74404,7.418694206529879
18,193,298.918,300.78,5.97091,-0.748345,6.017622991441471
19,193,113.363,299.646,3.49601,2.16854,4.113958148997143
20,193,13.7695,297.319,3.3973,-0.260055,3.4072387490495877
21,193,0.0,296.586,1.61413,-1.27171,2.054911672311002
22,193,42.2646,295.479,1.01692,-1.50186,1.813755701851823
23,193,33.2812,295.018,1.44321,-5.56425,5.748367869804437
24,193,34.3691,294.456,0.853966,-2.17129,2.333186274873054
1,194,39.7793,296.468,1.71515,-1.20441,2.0957917288223085
2,194,35.4922,296.165,2.60501,-2.97523,3.9545000509546084
3,194,35.0439,295.845,2.85484,1.51121,3.230149700818833
4,194,34.877,295.718,3.07736,1.95526,3.645982204728926
5,194,0.0,295.465,3.49028,1.78407,3.919816353261974
6,194,6.21094,295.398,2.86388,-2.91641,4.087451032428401
7,194,45.3203,295.59,2.51903,-1.77757,3.0830613431782377
8,194,113.927,296.285,2.65212,-2.69676,3.7823610340632476
9,194,200.708,297.275,1.81285,-1.1062,2.123700440857891
10,194,505.163,298.907,2.35581,-2.29304,3.2875329956823247
11,194,628.398,299.65,1.31274,-1.62465,2.088725431956053
12,194,693.919,300.958,1.85609,-1.7834,2.5740212990766027
13,194,727.236,302.213,3.60143,-3.25728,4.855941828656929
14,194,619.382,302.322,1.02032,-2.89147,3.0662112881045887
15,194,691.416,303.153,3.19488,0.18962,3.200502141664648
16,194,578.422,303.033,3.00521,1.66483,3.435541598205442
17,194,402.194,300.01,3.84995,0.505762,3.883028483431972
18,194,265.746,301.393,0.466518,-0.228814,0.519610326032884
19,194,127.418,300.709,1.65079,-1.32072,2.114097666263316
20,194,16.668,299.338,4.31527,-2.38994,4.9328864143116045
21,194,0.0,297.668,4.77234,-3.40647,5.863383574055172
22,194,37.6318,296.498,-0.564131,0.620208,0.8383923594743692
23,194,27.252,296.125,3.00083,-3.87675,4.902465833782016
24,194,30.7334,295.683,1.19381,-0.214255,1.2128839685332642
1,195,42.7285,295.894,2.00763,-1.03254,2.257590987867377
2,195,37.8945,295.894,2.45999,-1.49672,2.8795349552488503
3,195,36.9375,295.644,1.71373,-1.23342,2.111443915736338
4,195,34.6904,295.544,1.74728,1.04998,2.0384909611769193
5,195,0.0,295.103,3.67192,-1.05626,3.8208221201725685
6,195,6.96875,294.928,3.38537,-1.83145,3.8490179448009854
7,195,55.1562,295.228,2.04393,-1.58372,2.585695048396079
8,195,115.834,295.769,2.76296,-2.51707,3.7375913830299856
9,195,289.802,296.894,2.04576,-1.69897,2.6592542260002148
10,195,575.085,298.269,2.59604,-1.57478,3.0363391987721005
11,195,629.46,299.154,1.15942,-3.75014,3.9252776661021067
12,195,682.966,300.394,0.969368,-1.35664,1.667377104623906
13,195,747.674,301.608,2.78893,-4.24654,5.080475619122683
14,195,748.647,302.224,3.88311,0.259412,3.89176539090475
15,195,722.9,302.519,3.37897,-1.01985,3.5295229540831716
16,195,618.828,302.629,2.88802,-0.925987,3.032838842498724
17,195,473.116,302.269,3.50961,-2.3126,4.203032371050692
18,195,306.519,301.769,3.75998,1.16767,3.93711859477207
19,195,143.402,300.379,5.55411,-2.08049,5.930984448824663
20,195,20.8633,298.519,6.14144,-2.84795,6.7696458161487305
21,195,0.0,297.468,6.59216,-1.3635,6.731694119283793
22,195,36.2422,296.152,3.53353,1.85068,3.9888407743729255
23,195,25.209,295.558,2.54185,-1.53203,2.967847257424142
24,195,27.1104,295.039,-0.689003,0.323831,0.7613091688466651
1,196,33.0635,296.864,1.74103,-1.78449,2.4931085056611555
2,196,32.5771,296.562,2.30325,-1.36244,2.6760424727757965
3,196,31.5078,296.084,2.58433,-0.748558,2.690557679787594
4,196,31.8438,295.71,2.65353,-2.43537,3.601700778493405
5,196,0.0,295.46,3.54692,-1.69689,3.9319304620631326
6,196,4.71484,295.273,2.65832,-1.85489,3.2414938121952352
7,196,48.7734,295.398,2.41014,-1.59398,2.8895582811218743
8,196,103.576,295.732,3.42507,-1.51756,3.746210466391337
9,196,173.489,296.688,4.51402,-3.06567,5.456620667528576
10,196,311.256,298.118,4.69467,-1.87312,5.054552892521751
11,196,617.101,299.273,2.31128,-2.25356,3.228087345782329
12,196,714.216,300.556,1.68568,-2.44893,2.9730077711469236
13,196,813.767,301.669,3.86022,-1.2939,4.07129901363189
14,196,820.413,302.47,2.59942,-3.4608,4.3282930788475955
15,196,731.259,302.908,1.75201,0.00846767,1.7520304625020733
16,196,635.016,303.508,1.04036,-1.01681,1.454734170114939
17,196,293.585,302.077,2.38608,-1.37119,2.7520065011732804
18,196,182.629,301.886,0.535854,-3.02471,3.0718089285331533
19,196,122.176,301.21,2.09855,-3.46428,4.050326902967216
20,196,17.8281,299.743,4.13216,-1.80986,4.511135055083144
21,196,0.0,298.102,2.40759,-3.65061,4.373035899715437
22,196,41.6279,296.562,0.626299,-1.23233,1.3823486052009457
23,196,33.4395,295.806,3.65855,-1.68046,4.0260320309331865
24,196,29.625,295.324,0.120567,-1.60683,1.6113469677226564
1,197,41.6719,295.972,4.17609,-3.05744,5.1756803457806395
2,197,36.8584,295.627,4.21097,-0.937145,4.31398992719327
3,197,34.3936,295.016,2.0648,0.392555,2.1017845912521578
4,197,31.2949,295.311,1.01535,0.663754,1.2130560560073058
5,197,0.0,295.18,1.92778,1.30409,2.3274420414910444
6,197,8.1582,295.405,2.38927,0.256928,2.4030445543276966
7,197,68.8359,295.766,4.02001,0.424579,4.0423690736177225
8,197,178.256,296.303,2.63601,-3.6826,4.528806849502416
9,197,272.52,297.391,3.01549,-1.14623,3.2259918091960493
10,197,349.272,298.352,2.82163,-1.47077,3.181942842007065
11,197,365.445,299.009,1.79712,1.56236,2.3813040679426054
12,197,635.904,300.696,3.93714,-2.51533,4.672039853051341
13,197,815.236,302.096,3.92858,0.055707,3.9289749409036707
14,197,788.772,303.159,4.06475,-2.97594,5.0376990229766605
15,197,602.525,302.991,4.19635,-1.13362,4.346774393374931
16,197,608.203,303.097,3.65462,1.52225,3.9589761816535343
17,197,466.6,302.673,5.78549,0.768457,5.836301971364145
18,197,298.621,301.779,4.61154,-2.14678,5.086744100109617
19,197,130.144,300.467,3.27823,-2.50627,4.126521688516855
20,197,16.2148,298.352,3.7933,-0.0491171,3.793617980175707
21,197,0.0,296.717,2.81677,-2.69456,3.898056801343459
22,197,42.5801,296.123,-0.00163078,-0.844636,0.8446375743118515
23,197,27.4346,296.047,1.87974,-1.74003,2.561469669642801
24,197,27.1758,294.562,1.86471,0.0709009,1.866057427230151
